00 FF FF 00 02 10 22 93 00 00 02 00 00 02 00 9D 0C 00 00 00 A2 FF F4 69 
00 FF FF 00 02 10 22 93 00 00 02 00 00 02 00 9E 0C 00 00 00 D0 FF F7 6B 
00 FF FF 00 02 10 22 93 00 00 02 00 00 02 00 9F 0C 00 00 01 09 FF F5 6A 
00 FF FF 00 02 10 22 93 00 00 02 00 00 02 00 A0 0C 00 00 00 DA FF F6 6B 
00 FF FF 00 02 10 22 93 00 00 02 00 00 02 00 A2 0C 00 00 02 7C FF F8 66 
00 FF FF 00 02 10 22 93 00 00 02 00 00 02 00 A3 0C 00 00 01 64 FF F8 68 
00 FF FF 00 02 10 22 93 00 00 02 00 00 02 00 A4 0C 00 00 01 01 FF F8 6A 
00 FF FF 00 02 10 22 93 00 00 02 00 00 02 00 A6 0C 00 00 01 62 FF FA 6B 
00 FF FF 00 02 10 22 93 00 00 02 00 00 02 00 A9 0C 00 00 00 CF FF FC 6A 
00 FF FF 00 02 10 22 93 00 00 02 00 00 02 00 AA 0C 00 00 00 89 FF FE 6B 
00 FF FF 00 02 10 22 93 00 00 02 00 00 02 00 AB 0C 00 00 01 7A FF FE 6B 
00 FF FF 00 02 10 22 93 00 00 02 00 00 02 00 AC 0C 00 00 00 D9 FF FD 6A 
00 FF FF 00 02 10 22 93 00 00 02 00 00 02 00 AD 0C 00 00 00 CD FF FA 69 
00 FF FF 00 02 10 22 93 00 00 02 00 00 02 00 AE 0C 00 00 02 5F FF FB 6A 
00 FF FF 00 02 10 22 93 00 00 02 00 00 02 00 AF 0C 00 00 04 97 FF FE 69 
00 FF FF 00 02 10 22 93 00 00 02 00 00 02 00 B0 0C 00 00 03 05 00 02 6B 
00 FF FF 00 02 10 22 93 00 00 02 00 00 02 00 B1 0C 00 00 01 FC 00 04 6B 
00 FF FF 00 02 10 22 93 00 00 02 00 00 02 00 B2 0C 00 00 00 6B 00 03 6B 
00 FF FF 00 02 10 22 93 00 00 02 00 00 02 00 B3 0C 00 00 01 E1 00 00 6A 
00 FF FF 00 02 10 22 93 00 00 02 00 00 02 00 B4 0C 00 00 00 CF 00 00 6B 
00 FF FF 00 02 10 22 93 00 00 02 00 00 02 00 B6 0C 00 00 01 CC FF FE 6A 
00 FF FF 00 02 10 22 93 00 00 02 00 00 02 00 B7 0C 00 00 03 CF FF FA 69 
00 FF FF 00 02 10 22 93 00 00 02 00 00 02 00 B8 0C 00 00 01 7E FF FA 6A 
00 FF FF 00 02 10 22 93 00 00 02 00 00 02 00 B9 0C 00 00 00 A4 FF FA 67 
00 FF FF 00 02 10 22 93 00 00 02 00 00 02 00 BA 0C 00 00 00 D8 FF FB 6B 
00 FF FF 00 02 10 22 93 00 00 02 00 00 02 00 BB 0C 00 00 01 4A FF FA 6B 
00 FF FF 00 02 10 22 93 00 00 02 00 00 02 00 BC 0C 00 00 00 FB FF FA 6B 
00 FF FF 00 02 10 22 93 00 00 02 00 00 02 00 BD 0C 00 00 00 6A FF FA 69 
00 FF FF 00 02 10 22 93 00 00 02 00 00 02 00 BE 0C 00 00 00 7C FF FA 6A 
00 FF FF 00 02 10 22 93 00 00 02 00 00 02 00 BF 0C 00 00 00 CD FF FA 6A 
00 FF FF 00 02 10 22 93 00 00 02 00 00 02 00 C0 0C 00 00 04 32 FF FA 6A 
00 FF FF 00 02 10 22 93 00 00 02 00 00 02 00 C1 0C 00 00 01 7D FF FC 6A 
00 FF FF 00 02 10 22 93 00 00 02 00 00 02 00 C2 0C 00 00 00 A5 FF FA 6A 
00 FF FF 00 02 10 22 93 00 00 02 00 00 02 00 C3 0C 00 00 00 69 FF FE 6A 
00 FF FF 00 02 10 22 93 00 00 02 00 00 02 00 C4 0C 00 00 00 A7 FF FE 6B 
00 FF FF 00 02 10 22 93 00 00 02 00 00 02 00 C5 0C 00 00 01 00 FF FC 6B 
00 FF FF 00 02 10 22 93 00 00 02 00 00 02 00 C6 0C 00 00 01 06 FF FB 6A 
00 FF FF 00 02 10 22 93 00 00 02 00 00 02 00 C8 0C 00 00 01 64 FF FE 6A 
00 FF FF 00 02 10 22 93 00 00 02 00 00 02 00 C9 0C 00 00 00 70 FF FE 68 
00 FF FF 00 02 10 22 93 00 00 02 00 00 02 00 CA 0C 00 00 01 5E FF FD 6B 
00 FF FF 00 02 10 22 93 00 00 02 00 00 02 00 CB 0C 00 00 01 DD FF FE 6A 
00 FF FF 00 02 10 22 93 00 00 02 00 00 02 00 CC 0C 00 00 00 FF FF FE 69 
00 FF FF 00 02 10 22 93 00 00 02 00 00 02 00 CD 0C 00 00 01 5D FF FC 6A 
00 FF FF 00 02 10 22 93 00 00 02 00 00 02 00 CE 0C 00 00 00 D5 FF FE 6A 
00 FF FF 00 02 10 22 93 00 00 02 00 00 02 00 D0 0C 00 00 00 75 FF FC 6A 
00 FF FF 00 02 10 22 93 00 00 02 00 00 02 00 D1 0C 00 00 00 8A FF FA 68 
00 FF FF 00 02 10 22 93 00 00 02 00 00 02 00 D2 0C 00 00 01 3F FF FA 6A 
00 FF FF 00 02 10 22 93 00 00 02 00 00 02 00 D3 0C 00 00 00 D6 FF F8 6B 
00 FF FF 00 02 10 22 93 00 00 02 00 00 02 00 D4 0C 00 00 02 0F FF FA 69 
00 FF FF 00 02 10 22 93 00 00 02 00 00 02 00 D5 0C 00 00 01 CC FF FA 6A 
00 FF FF 00 02 10 22 93 00 00 02 00 00 02 00 D6 0C 00 00 04 9A FF FD 6A 
00 FF FF 00 02 10 22 93 00 00 02 00 00 02 00 D7 0C 00 00 01 C4 FF FA 6B 
00 FF FF 00 02 10 22 93 00 00 02 00 00 02 00 D8 0C 00 00 02 5F FF F8 6B 
00 FF FF 00 02 10 22 93 00 00 02 00 00 02 00 D9 0C 00 00 00 E9 FF EF 69 
00 FF FF 00 02 10 22 93 00 00 02 00 00 02 00 DA 0C 00 00 01 0A FF FB 6A 
00 FF FF 00 02 10 22 93 00 00 02 00 00 02 00 DB 0C 00 00 02 3D 00 00 6B 
00 FF FF 00 02 10 22 93 00 00 02 00 00 02 00 DD 0C 00 00 01 41 FF FE 6B 
00 FF FF 00 02 10 22 93 00 00 02 00 00 02 00 DE 0C 00 00 01 05 FF FB 69 
00 FF FF 00 02 10 22 93 00 00 02 00 00 02 00 DF 0C 00 00 01 3F FF FE 6A 
00 FF FF 00 02 10 22 93 00 00 02 00 00 02 00 E0 0C 00 00 00 8C FF FF 68 
00 FF FF 00 02 10 22 93 00 00 02 00 00 02 00 E1 0C 00 00 00 D3 00 00 6A 
00 FF FF 00 02 10 22 93 00 00 02 00 00 02 00 E2 0C 00 00 02 47 FF FC 6A 
00 FF FF 00 02 10 22 93 00 00 02 00 00 02 00 E3 0C 00 00 00 B4 FF FF 6B 
00 FF FF 00 02 10 22 93 00 00 02 00 00 02 00 E4 0C 00 00 00 D5 00 00 69 
00 FF FF 00 02 10 22 93 00 00 02 00 00 02 00 E6 0C 00 00 02 2A 00 00 6B 
00 FF FF 00 02 10 22 93 00 00 02 00 00 02 00 E7 0C 00 00 01 69 00 00 69 
00 FF FF 00 02 10 22 93 00 00 02 00 00 02 00 E8 0C 00 00 04 6E 00 00 6B 
00 FF FF 00 02 10 22 93 00 00 02 00 00 02 00 EA 0C 00 00 01 BE 00 01 68 
00 FF FF 00 02 10 22 93 00 00 02 00 00 02 00 EB 0C 00 00 00 87 00 06 6A 
00 FF FF 00 02 10 22 93 00 00 02 00 00 02 00 EC 0C 00 00 01 B7 FF F8 6A 
00 FF FF 00 02 10 22 93 00 00 02 00 00 02 00 ED 0C 00 00 01 C8 00 01 6A 
00 FF FF 00 02 10 22 93 00 00 02 00 00 02 00 EE 0C 00 00 00 8B 00 03 6A 
00 FF FF 00 02 10 22 93 00 00 02 00 00 02 00 EF 0C 00 00 01 0B 00 04 6B 
00 FF FF 00 02 10 22 93 00 00 02 00 00 02 00 F1 0C 00 00 01 1B 00 06 69 
00 FF FF 00 02 10 22 93 00 00 02 00 00 02 00 F2 0C 00 00 00 FF 00 08 6A 
00 FF FF 00 02 10 22 93 00 00 02 00 00 02 00 F3 0C 00 00 00 F2 00 06 6A 
00 FF FF 00 02 10 22 93 00 00 02 00 00 02 00 F4 0C 00 00 01 12 FF FA 6A 
00 FF FF 00 02 10 22 93 00 00 02 00 00 02 00 F5 0C 00 00 01 68 FF F7 6B 
00 FF FF 00 02 10 22 93 00 00 02 00 00 02 00 F6 0C 00 00 03 30 FF F8 6A 
00 FF FF 00 02 10 22 93 00 00 02 00 00 02 00 F7 0C 00 00 01 74 00 08 67 
00 FF FF 00 02 10 22 93 00 00 02 00 00 02 00 F8 0C 00 00 00 CB 00 08 6A 
00 FF FF 00 02 10 22 93 00 00 02 00 00 02 00 F9 0C 00 00 00 BE 00 05 69 
00 FF FF 00 02 10 22 93 00 00 02 00 00 02 00 FA 0C 00 00 00 8D 00 08 6B 
00 FF FF 00 02 10 22 93 00 00 02 00 00 02 00 FB 0C 00 00 01 07 00 00 6B 
00 FF FF 00 02 10 22 93 00 00 02 00 00 02 00 FC 0C 00 00 00 85 00 02 44 
00 FF FF 00 02 10 22 93 00 00 02 00 00 02 00 FD 0C 00 00 00 74 00 0C 6B 
00 FF FF 00 02 10 22 93 00 00 02 00 00 02 00 FE 0C 00 00 00 D9 00 0A 6A 
00 FF FF 00 02 10 22 93 00 00 02 00 00 02 00 FF 0C 00 00 01 01 00 06 66 
00 FF FF 00 02 10 22 93 00 00 02 00 00 02 01 01 0C 00 00 01 72 00 06 6B 
00 FF FF 00 02 10 22 93 00 00 02 00 00 02 01 02 0C 00 00 01 87 00 00 69 
00 FF FF 00 02 10 22 93 00 00 02 00 00 02 01 03 0C 00 00 00 D1 FF FC 6A 
00 FF FF 00 02 10 22 93 00 00 02 00 00 02 01 04 0C 00 00 00 CA 00 06 6B 
00 FF FF 00 02 10 22 93 00 00 02 00 00 02 01 05 0C 00 00 00 D2 00 08 6A 
00 FF FF 00 02 10 22 93 00 00 02 00 00 02 01 07 0C 00 00 01 59 00 01 6A 
00 FF FF 00 02 10 22 93 00 00 02 00 00 02 01 08 0C 00 00 00 D8 FF F7 6A 
00 FF FF 00 02 10 22 93 00 00 02 00 00 02 01 09 0C 00 00 01 5E FF F7 6B 
00 FF FF 00 02 10 22 93 00 00 02 00 00 02 01 0B 0C 00 00 00 8D 00 01 6B 
00 FF FF 00 02 10 22 93 00 00 02 00 00 02 01 0C 0C 00 00 03 01 FF F8 69 
00 FF FF 00 02 10 22 93 00 00 02 00 00 02 01 0D 0C 00 00 00 FA FF F8 6A 
00 FF FF 00 02 10 22 93 00 00 02 00 00 02 01 0E 0C 00 00 00 E2 FF F8 6B 
00 FF FF 00 02 10 22 93 00 00 02 00 00 02 01 0F 0C 00 00 01 41 FF FD 6B 
00 FF FF 00 02 10 22 93 00 00 02 00 00 02 01 10 0C 00 00 01 D0 FF EC 6B 
00 FF FF 00 02 10 22 93 00 00 02 00 00 02 01 11 0C 00 00 01 32 00 02 6B 
00 FF FF 00 02 10 22 93 00 00 02 00 00 02 01 13 0C 00 00 00 E9 00 06 68 
00 FF FF 00 02 10 22 93 00 00 02 00 00 02 01 14 0C 00 00 01 24 00 00 6B 
00 FF FF 00 02 10 22 93 00 00 02 00 00 02 01 16 0C 00 00 01 29 FF EE 6A 
00 FF FF 00 02 10 22 93 00 00 02 00 00 02 01 18 0C 00 00 00 D0 FF F8 6B 
00 FF FF 00 02 10 22 93 00 00 02 00 00 02 01 19 0C 00 00 02 6F FF EA 5E 
00 FF FF 00 02 10 22 93 00 00 02 00 00 02 01 1A 0C 00 00 00 EA FF FC 68 
00 FF FF 00 02 10 22 93 00 00 02 00 00 02 01 1B 0C 00 00 02 11 FF FF 6B 
00 FF FF 00 02 10 22 93 00 00 02 00 00 02 01 1C 0C 00 00 01 22 00 02 69 
00 FF FF 00 02 10 22 93 00 00 02 00 00 02 01 1D 0C 00 00 02 AE 00 04 6A 
00 FF FF 00 02 10 22 93 00 00 02 00 00 02 01 1E 0C 00 00 03 25 00 04 69 
00 FF FF 00 02 10 22 93 00 00 02 00 00 02 01 1F 0C 00 00 01 6B 00 04 6B 
00 FF FF 00 02 10 22 93 00 00 02 00 00 02 01 20 0C 00 00 02 48 00 02 6A 
00 FF FF 00 02 10 22 93 00 00 02 00 00 02 01 21 0C 00 00 02 6E 00 03 6A 
00 FF FF 00 02 10 22 93 00 00 02 00 00 02 01 22 0C 00 00 03 B4 00 02 6A 
00 FF FF 00 02 10 22 93 00 00 02 00 00 02 01 23 0C 00 00 02 29 00 00 69 
00 FF FF 00 02 10 22 93 00 00 02 00 00 02 01 24 0C 00 00 02 6F 00 01 6B 
00 FF FF 00 02 10 22 93 00 00 02 00 00 02 01 27 0C 00 00 02 05 00 01 6B 
00 FF FF 00 02 10 22 93 00 00 02 00 00 02 01 28 0C 00 00 04 9B 00 04 69 
00 FF FF 00 02 10 22 93 00 00 02 00 00 02 01 29 0C 00 00 02 D8 00 05 6A 
00 FF FF 00 02 10 22 93 00 00 02 00 00 02 01 2A 0C 00 00 00 78 FF FE 69 
00 FF FF 00 02 10 22 93 00 00 02 00 00 02 01 2B 0C 00 00 06 0A 00 03 6B 
00 FF FF 00 02 10 22 93 00 00 02 00 00 02 01 2C 0C 00 00 04 D6 FF FE 68 
00 FF FF 00 02 10 22 93 00 00 02 00 00 02 01 2D 0C 00 00 01 CA FF FA 68 
00 FF FF 00 02 10 22 93 00 00 02 00 00 02 01 2E 0C 00 00 01 0D FF FA 68 
00 FF FF 00 02 10 22 93 00 00 02 00 00 02 01 2F 0C 00 00 01 4A FF F6 6B 
00 FF FF 00 02 10 22 93 00 00 02 00 00 02 01 30 0C 00 00 01 EE FF FA 69 
00 FF FF 00 02 10 22 93 00 00 02 00 00 02 01 31 0C 00 00 02 40 FF FA 6A 
00 FF FF 00 02 10 22 93 00 00 02 00 00 02 01 32 0C 00 00 01 12 FF FF 66 
00 FF FF 00 02 10 22 93 00 00 02 00 00 02 01 33 0C 00 00 01 0C FF FA 66 
00 FF FF 00 02 10 22 93 00 00 02 00 00 02 01 34 0C 00 00 02 E4 FF F9 69 
00 FF FF 00 02 10 22 93 00 00 02 00 00 02 01 35 0C 00 00 01 DC FF F8 69 
00 FF FF 00 02 10 22 93 00 00 02 00 00 02 01 36 0C 00 00 07 54 FF F9 68 
00 FF FF 00 02 10 22 93 00 00 02 00 00 02 01 37 0C 00 00 04 11 FF F8 6A 
00 FF FF 00 02 10 22 93 00 00 02 00 00 02 01 38 0C 00 00 01 8D FF F9 6A 
00 FF FF 00 02 10 22 93 00 00 02 00 00 02 01 39 0C 00 00 01 5D FF FA 6A 
00 FF FF 00 02 10 22 93 00 00 02 00 00 02 01 3A 0C 00 00 02 92 FF F8 68 
00 FF FF 00 02 10 22 93 00 00 02 00 00 02 01 3B 0C 00 00 01 B4 FF F9 68 
00 FF FF 00 02 10 22 93 00 00 02 00 00 02 01 3C 0C 00 00 02 5E FF F9 6A 
00 FF FF 00 02 10 22 93 00 00 02 00 00 02 01 3D 0C 00 00 01 A8 FF F9 6A 
00 FF FF 00 02 10 22 93 00 00 02 00 00 02 01 3E 0C 00 00 01 98 FF FB 68 
00 FF FF 00 02 10 22 93 00 00 02 00 00 02 01 3F 0C 00 00 01 5D FF FA 69 
00 FF FF 00 02 10 22 93 00 00 02 00 00 02 01 40 0C 00 00 01 52 FF FA 6A 
00 FF FF 00 02 10 22 93 00 00 02 00 00 02 01 41 0C 00 00 02 E2 FF F8 69 
00 FF FF 00 02 10 22 93 00 00 02 00 00 02 01 42 0C 00 00 02 68 FF FA 69 
00 FF FF 00 02 10 22 93 00 00 02 00 00 02 01 43 0C 00 00 01 B6 FF F2 6A 
00 FF FF 00 02 10 22 93 00 00 02 00 00 02 01 44 0C 00 00 01 C2 FF F4 6A 
00 FF FF 00 02 10 22 93 00 00 02 00 00 02 01 45 0C 00 00 04 B3 FF F7 68 
00 FF FF 00 02 10 22 93 00 00 02 00 00 02 01 46 0C 00 00 01 87 FF F3 69 
00 FF FF 00 02 10 22 93 00 00 02 00 00 02 01 47 0C 00 00 00 76 FF FF 6B 
00 FF FF 00 02 10 22 93 00 00 02 00 00 02 01 48 0C 00 00 02 A2 00 00 6B 
00 FF FF 00 02 10 22 93 00 00 02 00 00 02 01 49 0C 00 00 01 2D FF FC 6B 
00 FF FF 00 02 10 22 93 00 00 02 00 00 02 01 4A 0C 00 00 03 5B FF F9 6B 
00 FF FF 00 02 10 22 93 00 00 02 00 00 02 01 4B 0C 00 00 04 2F FF FA 6A 
00 FF FF 00 02 10 22 93 00 00 02 00 00 02 01 4D 0C 00 00 02 1A FF F8 6A 
00 FF FF 00 02 10 22 93 00 00 02 00 00 02 01 4E 0C 00 00 01 56 FF F8 6A 
00 FF FF 00 02 10 22 93 00 00 02 00 00 02 01 4F 0C 00 00 02 DA FF F3 6A 
00 FF FF 00 02 10 22 93 00 00 02 00 00 02 01 50 0C 00 00 02 2C FF F5 69 
00 FF FF 00 02 10 22 93 00 00 02 00 00 02 01 53 0C 00 00 06 01 FF F8 6A 
00 FF FF 00 02 10 22 93 00 00 02 00 00 02 01 54 0C 00 00 02 2D FF F8 69 
00 FF FF 00 02 10 22 93 00 00 02 00 00 02 01 56 0C 00 00 01 EB FF F9 6B 
00 FF FF 00 02 10 22 93 00 00 02 00 00 02 01 5A 0C 00 00 02 EE FF FA 6B 
00 FF FF 00 02 10 22 93 00 00 02 00 00 02 01 5B 0C 00 00 01 05 FF FA 6A 
00 FF FF 00 02 10 22 93 00 00 02 00 00 02 01 5C 0C 00 00 01 F4 FF FA 6A 
00 FF FF 00 02 10 22 93 00 00 02 00 00 02 01 5E 0C 00 00 00 EC FF FA 68 
00 FF FF 00 02 10 22 93 00 00 02 00 00 02 01 61 0C 00 00 02 F7 FF F8 6A 
00 FF FF 00 02 10 22 93 00 00 02 00 00 02 01 62 0C 00 00 02 0F FF F8 6A 
00 FF FF 00 02 10 22 93 00 00 02 00 00 02 01 63 0C 00 00 01 77 FF F7 69 
00 FF FF 00 02 10 22 93 00 00 02 00 00 02 01 64 0C 00 00 00 7A FF F8 69 
00 FF FF 00 02 10 22 93 00 00 02 00 00 02 01 65 0C 00 00 01 77 FF F8 6A 
00 FF FF 00 02 10 22 93 00 00 02 00 00 02 01 66 0C 00 00 03 4B FF F5 6A 
00 FF FF 00 02 10 22 93 00 00 02 00 00 02 01 68 0C 00 00 01 91 FF F8 6B 
00 FF FF 00 02 10 22 93 00 00 02 00 00 02 01 69 0C 00 00 03 48 FF F8 69 
00 FF FF 00 02 10 22 93 00 00 02 00 00 02 01 6B 0C 00 00 01 1C FF F8 68 
00 FF FF 00 02 10 22 93 00 00 02 00 00 02 01 6C 0C 00 00 04 91 FF FC 6A 
00 FF FF 00 02 10 22 93 00 00 02 00 00 02 01 6D 0C 00 00 00 D7 FF FA 6A 
00 FF FF 00 02 10 22 93 00 00 02 00 00 02 01 6E 0C 00 00 01 49 FF FA 68 
00 FF FF 00 02 10 22 93 00 00 02 00 00 02 01 6F 0C 00 00 01 39 FF FA 69 
00 FF FF 00 02 10 22 93 00 00 02 00 00 02 01 70 0C 00 00 01 C2 FF F8 68 
00 FF FF 00 02 10 22 93 00 00 02 00 00 02 01 71 0C 00 00 03 29 FF FB 68 
00 FF FF 00 02 10 22 93 00 00 02 00 00 02 01 72 0C 00 00 02 4F FF FA 68 
00 FF FF 00 02 10 22 93 00 00 02 00 00 02 01 73 0C 00 00 00 A5 FF FB 69 
00 FF FF 00 02 10 22 93 00 00 02 00 00 02 01 74 0C 00 00 01 D0 FF F7 6A 
00 FF FF 00 02 10 22 93 00 00 02 00 00 02 01 75 0C 00 00 01 76 FF F8 6A 
00 FF FF 00 02 10 22 93 00 00 02 00 00 02 01 76 0C 00 00 02 D7 FF F9 69 
00 FF FF 00 02 10 22 93 00 00 02 00 00 02 01 77 0C 00 00 00 7F FF F9 6B 
00 FF FF 00 02 10 22 93 00 00 02 00 00 02 01 78 0C 00 00 00 7A FF F8 69 
00 FF FF 00 02 10 22 93 00 00 02 00 00 02 01 79 0C 00 00 02 DC FF F8 6A 
00 FF FF 00 02 10 22 93 00 00 02 00 00 02 01 7A 0C 00 00 02 3C FF F8 69 
00 FF FF 00 02 10 22 93 00 00 02 00 00 02 01 7D 0C 00 00 01 83 FF F7 6A 
00 FF FF 00 02 10 22 93 00 00 02 00 00 02 01 7E 0C 00 00 00 A2 FF FC 6A 
00 FF FF 00 02 10 22 93 00 00 02 00 00 02 01 80 0C 00 00 02 29 FF F9 66 
00 FF FF 00 02 10 22 93 00 00 02 00 00 02 01 81 0C 00 00 00 F4 FF F9 66 
00 FF FF 00 02 10 22 93 00 00 02 00 00 02 01 82 0C 00 00 01 9E FF FA 6B 
00 FF FF 00 02 10 22 93 00 00 02 00 00 02 01 83 0C 00 00 00 E2 FF F9 6A 
00 FF FF 00 02 10 22 93 00 00 02 00 00 02 01 84 0C 00 00 01 C0 FF FA 6A 
00 FF FF 00 02 10 22 93 00 00 02 00 00 02 01 85 0C 00 00 02 01 FF F9 67 
00 FF FF 00 02 10 22 93 00 00 02 00 00 02 01 86 0C 00 00 02 BD FF F9 6A 
00 FF FF 00 02 10 22 93 00 00 02 00 00 02 01 87 0C 00 00 02 07 FF F9 6B 
00 FF FF 00 02 10 22 93 00 00 02 00 00 02 01 89 0C 00 00 01 97 FF F9 67 
00 FF FF 00 02 10 22 93 00 00 02 00 00 02 01 8A 0C 00 00 01 0D FF FA 68 
00 FF FF 00 02 10 22 93 00 00 02 00 00 02 01 8B 0C 00 00 03 DE FF FA 6A 
00 FF FF 00 02 10 22 93 00 00 02 00 00 02 01 8C 0C 00 00 00 94 FF F9 68 
00 FF FF 00 02 10 22 93 00 00 02 00 00 02 01 8D 0C 00 00 02 2B FF F9 64 
00 FF FF 00 02 10 22 93 00 00 02 00 00 02 01 8E 0C 00 00 06 F9 FF FA 6A 
00 FF FF 00 02 10 22 93 00 00 02 00 00 02 01 8F 0C 00 00 02 BC FF F9 69 
00 FF FF 00 02 10 22 93 00 00 02 00 00 02 01 90 0C 00 00 01 B7 FF FA 69 
00 FF FF 00 02 10 22 93 00 00 02 00 00 02 01 91 0C 00 00 03 94 FF F9 6B 
00 FF FF 00 02 10 22 93 00 00 02 00 00 02 01 92 0C 00 00 01 BC FF F9 6B 
00 FF FF 00 02 10 22 93 00 00 02 00 00 02 01 93 0C 00 00 01 8E FF F9 69 
00 FF FF 00 02 10 22 93 00 00 02 00 00 02 01 94 0C 00 00 02 7A FF FA 68 
00 FF FF 00 02 10 22 93 00 00 02 00 00 02 01 95 0C 00 00 01 51 FF FA 6B 
00 FF FF 00 02 10 22 93 00 00 02 00 00 02 01 96 0C 00 00 01 6F FF F9 6B 
00 FF FF 00 02 10 22 93 00 00 02 00 00 02 01 97 0C 00 00 06 89 FF F9 67 
00 FF FF 00 02 10 22 93 00 00 02 00 00 02 01 98 0C 00 00 02 BE FF FB 6B 
00 FF FF 00 02 10 22 93 00 00 02 00 00 02 01 99 0C 00 00 02 19 FF F9 6A 
00 FF FF 00 02 10 22 93 00 00 02 00 00 02 01 9A 0C 00 00 03 13 FF FA 66 
00 FF FF 00 02 10 22 93 00 00 02 00 00 02 01 9B 0C 00 00 03 1B FF FA 6A 
00 FF FF 00 02 10 22 93 00 00 02 00 00 02 01 9D 0C 00 00 01 A4 FF FA 69 
00 FF FF 00 02 10 22 93 00 00 02 00 00 02 01 9E 0C 00 00 02 64 FF FA 6B 
00 FF FF 00 02 10 22 93 00 00 02 00 00 02 01 9F 0C 00 00 02 AB FF FA 6A 
00 FF FF 00 02 10 22 93 00 00 02 00 00 02 01 A0 0C 00 00 02 58 FF FA 6A 
00 FF FF 00 02 10 22 93 00 00 02 00 00 02 01 A1 0C 00 00 01 17 FF FA 67 
00 FF FF 00 02 10 22 93 00 00 02 00 00 02 01 A2 0C 00 00 01 C2 FF F8 6A 
00 FF FF 00 02 10 22 93 00 00 02 00 00 02 01 A3 0C 00 00 02 24 FF FC 67 
00 FF FF 00 02 10 22 93 00 00 02 00 00 02 01 A4 0C 00 00 01 66 FF FA 6A 
00 FF FF 00 02 10 22 93 00 00 02 00 00 02 01 A5 0C 00 00 02 CE FF F8 69 
00 FF FF 00 02 10 22 93 00 00 02 00 00 02 01 A6 0C 00 00 02 86 FF F9 6A 
00 FF FF 00 02 10 22 93 00 00 02 00 00 02 01 A7 0C 00 00 01 9B FF FC 6A 
00 FF FF 00 02 10 22 93 00 00 02 00 00 02 01 A8 0C 00 00 01 AF FF F9 69 
00 FF FF 00 02 10 22 93 00 00 02 00 00 02 01 A9 0C 00 00 01 6C FF F9 68 
00 FF FF 00 02 10 22 93 00 00 02 00 00 02 01 AA 0C 00 00 02 CA FF FA 69 
00 FF FF 00 02 10 22 93 00 00 02 00 00 02 01 AB 0C 00 00 01 44 FF FA 69 
00 FF FF 00 02 10 22 93 00 00 02 00 00 02 01 AC 0C 00 00 00 C2 FF FA 6B 
00 FF FF 00 02 10 22 93 00 00 02 00 00 02 01 AD 0C 00 00 02 27 FF F9 6A 
00 FF FF 00 02 10 22 93 00 00 02 00 00 02 01 AE 0C 00 00 02 5C FF F9 68 
00 FF FF 00 02 10 22 93 00 00 02 00 00 02 01 AF 0C 00 00 00 F7 FF FA 6A 
00 FF FF 00 02 10 22 93 00 00 02 00 00 02 01 B0 0C 00 00 01 EC FF FA 6A 
00 FF FF 00 02 10 22 93 00 00 02 00 00 02 01 B1 0C 00 00 00 C5 FF FA 6A 
00 FF FF 00 02 10 22 93 00 00 02 00 00 02 01 B2 0C 00 00 01 31 FF FA 6B 
00 FF FF 00 02 10 22 93 00 00 02 00 00 02 01 B3 0C 00 00 01 E3 FF FA 65 
00 FF FF 00 02 10 22 93 00 00 02 00 00 02 01 B4 0C 00 00 01 C2 FF FA 69 
00 FF FF 00 02 10 22 93 00 00 02 00 00 02 01 B5 0C 00 00 01 7F FF FA 6B 
00 FF FF 00 02 10 22 93 00 00 02 00 00 02 01 B7 0C 00 00 01 44 FF F9 69 
00 FF FF 00 02 10 22 93 00 00 02 00 00 02 01 B8 0C 00 00 01 5A FF FA 68 
00 FF FF 00 02 10 22 93 00 00 02 00 00 02 01 BA 0C 00 00 04 D1 FF F9 6A 
00 FF FF 00 02 10 22 93 00 00 02 00 00 02 01 BB 0C 00 00 01 18 FF FA 6A 
00 FF FF 00 02 10 22 93 00 00 02 00 00 02 01 BC 0C 00 00 01 1E FF FA 6A 
00 FF FF 00 02 10 22 93 00 00 02 00 00 02 01 BD 0C 00 00 01 78 FF F9 64 
00 FF FF 00 02 10 22 93 00 00 02 00 00 02 01 BE 0C 00 00 01 9D FF FC 6A 
00 FF FF 00 02 10 22 93 00 00 02 00 00 02 01 BF 0C 00 00 02 A1 FF FA 68 
00 FF FF 00 02 10 22 93 00 00 02 00 00 02 01 C0 0C 00 00 02 A8 FF FC 6A 
00 FF FF 00 02 10 22 93 00 00 02 00 00 02 01 C1 0C 00 00 00 FC FF F9 6A 
00 FF FF 00 02 10 22 93 00 00 02 00 00 02 01 C2 0C 00 00 01 BF FF F9 69 
00 FF FF 00 02 10 22 93 00 00 02 00 00 02 01 C3 0C 00 00 01 8D FF FB 6B 
00 FF FF 00 02 10 22 93 00 00 02 00 00 02 01 C4 0C 00 00 01 DC FF F9 6A 
00 FF FF 00 02 10 22 93 00 00 02 00 00 02 01 C5 0C 00 00 02 3F FF FB 69 
00 FF FF 00 02 10 22 93 00 00 02 00 00 02 01 C6 0C 00 00 02 0D FF FB 6B 
00 FF FF 00 02 10 22 93 00 00 02 00 00 02 01 C7 0C 00 00 01 14 FF F9 67 
00 FF FF 00 02 10 22 93 00 00 02 00 00 02 01 C8 0C 00 00 03 74 FF F9 69 
00 FF FF 00 02 10 22 93 00 00 02 00 00 02 01 C9 0C 00 00 01 9D FF FA 69 
00 FF FF 00 02 10 22 93 00 00 02 00 00 02 01 CA 0C 00 00 02 38 FF F9 6A 
00 FF FF 00 02 10 22 93 00 00 02 00 00 02 01 CB 0C 00 00 01 66 FF FA 68 
00 FF FF 00 02 10 22 93 00 00 02 00 00 02 01 CC 0C 00 00 03 04 FF FA 65 
00 FF FF 00 02 10 22 93 00 00 02 00 00 02 01 CF 0C 00 00 01 E3 FF F9 6A 
00 FF FF 00 02 10 22 93 00 00 02 00 00 02 01 D0 0C 00 00 01 3D FF FB 67 
00 FF FF 00 02 10 22 93 00 00 02 00 00 02 01 D1 0C 00 00 00 B0 FF F9 69 
00 FF FF 00 02 10 22 93 00 00 02 00 00 02 01 D2 0C 00 00 00 98 FF FA 6A 
00 FF FF 00 02 10 22 93 00 00 02 00 00 02 01 D3 0C 00 00 01 56 FF FC 69 
00 FF FF 00 02 10 22 93 00 00 02 00 00 02 01 D4 0C 00 00 00 C4 FF FA 69 
00 FF FF 00 02 10 22 93 00 00 02 00 00 02 01 D5 0C 00 00 00 B5 FF FB 6A 
00 FF FF 00 02 10 22 93 00 00 02 00 00 02 01 D6 0C 00 00 01 D7 FF FB 69 
00 FF FF 00 02 10 22 93 00 00 02 00 00 02 01 D7 0C 00 00 00 AC FF F9 69 
00 FF FF 00 02 10 22 93 00 00 02 00 00 02 01 D8 0C 00 00 00 BD FF FA 57 
00 FF FF 00 02 10 22 93 00 00 02 00 00 02 01 D9 0C 00 00 01 E6 FF FC 69 
00 FF FF 00 02 10 22 93 00 00 02 00 00 02 01 DA 0C 00 00 00 F2 FF F9 6B 
00 FF FF 00 02 10 22 93 00 00 02 00 00 02 01 DB 0C 00 00 01 1D FF FA 6A 
00 FF FF 00 02 10 22 93 00 00 02 00 00 02 01 DC 0C 00 00 01 50 FF FA 6B 
00 FF FF 00 02 10 22 93 00 00 02 00 00 02 01 DD 0C 00 00 01 B3 FF F9 6A 
00 FF FF 00 02 10 22 93 00 00 02 00 00 02 01 DE 0C 00 00 01 FF FF FA 65 
00 FF FF 00 02 10 22 93 00 00 02 00 00 02 01 DF 0C 00 00 02 1D FF FA 6A 
00 FF FF 00 02 10 22 93 00 00 02 00 00 02 01 E0 0C 00 00 02 26 FF FC 6A 
00 FF FF 00 02 10 22 93 00 00 02 00 00 02 01 E1 0C 00 00 02 48 FF FA 68 
00 FF FF 00 02 10 22 93 00 00 02 00 00 02 01 E2 0C 00 00 01 61 FF FC 6A 
00 FF FF 00 02 10 22 93 00 00 02 00 00 02 01 E3 0C 00 00 03 6E FF FA 66 
00 FF FF 00 02 10 22 93 00 00 02 00 00 02 01 E4 0C 00 00 03 25 FF F9 6A 
00 FF FF 00 02 10 22 93 00 00 02 00 00 02 01 E5 0C 00 00 01 F0 FF FA 69 
00 FF FF 00 02 10 22 93 00 00 02 00 00 02 01 E6 0C 00 00 02 29 FF FB 6A 
00 FF FF 00 02 10 22 93 00 00 02 00 00 02 01 E9 0C 00 00 02 42 FF FA 6A 
00 FF FF 00 02 10 22 93 00 00 02 00 00 02 01 EA 0C 00 00 02 0F FF FB 69 
00 FF FF 00 02 10 22 93 00 00 02 00 00 02 01 EB 0C 00 00 01 AC FF FA 6A 
00 FF FF 00 02 10 22 93 00 00 02 00 00 02 01 EC 0C 00 00 02 07 FF FA 68 
00 FF FF 00 02 10 22 93 00 00 02 00 00 02 01 ED 0C 00 00 01 9B FF FC 68 
00 FF FF 00 02 10 22 93 00 00 02 00 00 02 01 EF 0C 00 00 01 9C FF F9 6A 
00 FF FF 00 02 10 22 93 00 00 02 00 00 02 01 F0 0C 00 00 03 84 FF FA 69 
00 FF FF 00 02 10 22 93 00 00 02 00 00 02 01 F1 0C 00 00 02 9F FF FA 6A 
00 FF FF 00 02 10 22 93 00 00 02 00 00 02 01 F2 0C 00 00 01 5E FF FA 67 
00 FF FF 00 02 10 22 93 00 00 02 00 00 02 01 F3 0C 00 00 01 87 FF FA 69 
00 FF FF 00 02 10 22 93 00 00 02 00 00 02 01 F4 0C 00 00 00 DF FF F9 6B 
00 FF FF 00 02 10 22 93 00 00 02 00 00 02 01 F5 0C 00 00 02 DB FF FA 6A 
00 FF FF 00 02 10 22 93 00 00 02 00 00 02 01 F6 0C 00 00 01 60 FF FA 68 
00 FF FF 00 02 10 22 93 00 00 02 00 00 02 01 F7 0C 00 00 03 40 FF FA 6A 
00 FF FF 00 02 10 22 93 00 00 02 00 00 02 01 F8 0C 00 00 01 47 FF FA 68 
00 FF FF 00 02 10 22 93 00 00 02 00 00 02 01 F9 0C 00 00 01 28 FF FB 69 
00 FF FF 00 02 10 22 93 00 00 02 00 00 02 01 FA 0C 00 00 02 7C FF FA 69 
00 FF FF 00 02 10 22 93 00 00 02 00 00 02 01 FC 0C 00 00 01 49 FF FC 6B 
00 FF FF 00 02 10 22 93 00 00 02 00 00 02 01 FD 0C 00 00 01 62 FF FA 6A 
00 FF FF 00 02 10 22 93 00 00 02 00 00 02 01 FF 0C 00 00 01 99 FF FE 6A 
00 FF FF 00 02 10 22 93 00 00 02 00 00 02 02 00 0C 00 00 01 B6 FF FA 69 
00 FF FF 00 02 10 22 93 00 00 02 00 00 02 02 02 0C 00 00 00 B6 FF FA 69 
00 FF FF 00 02 10 22 93 00 00 02 00 00 02 02 03 0C 00 00 00 B6 FF FA 68 
00 FF FF 00 02 10 22 93 00 00 02 00 00 02 02 04 0C 00 00 02 5A FF FA 69 
00 FF FF 00 02 10 22 93 00 00 02 00 00 02 02 05 0C 00 00 05 DC FF FB 64 
00 FF FF 00 02 10 22 93 00 00 02 00 00 02 02 06 0C 00 00 01 F9 FF FE 65 
00 FF FF 00 02 10 22 93 00 00 02 00 00 02 02 07 0C 00 00 01 70 FF FA 6B 
00 FF FF 00 02 10 22 93 00 00 02 00 00 02 02 09 0C 00 00 00 DF FF F9 69 
00 FF FF 00 02 10 22 93 00 00 02 00 00 02 02 0A 0C 00 00 02 38 FF FA 6B 
00 FF FF 00 02 10 22 93 00 00 02 00 00 02 02 0B 0C 00 00 00 B1 FF FA 6A 
00 FF FF 00 02 10 22 93 00 00 02 00 00 02 02 0C 0C 00 00 01 4F FF F1 6B 
00 FF FF 00 02 10 22 93 00 00 02 00 00 02 02 0D 0C 00 00 01 E6 FF F6 6A 
00 FF FF 00 02 10 22 93 00 00 02 00 00 02 02 0E 0C 00 00 03 12 FF F9 6A 
00 FF FF 00 02 10 22 93 00 00 02 00 00 02 02 0F 0C 00 00 02 48 FF FC 69 
00 FF FF 00 02 10 22 93 00 00 02 00 00 02 02 10 0C 00 00 03 29 FF FA 6A 
00 FF FF 00 02 10 22 93 00 00 02 00 00 02 02 11 0C 00 00 03 1E FF FB 69 
00 FF FF 00 02 10 22 93 00 00 02 00 00 02 02 13 0C 00 00 02 7D FF FA 6A 
00 FF FF 00 02 10 22 93 00 00 02 00 00 02 02 14 0C 00 00 02 49 FF FB 69 
00 FF FF 00 02 10 22 93 00 00 02 00 00 02 02 15 0C 00 00 01 49 FF FA 6B 
00 FF FF 00 02 10 22 93 00 00 02 00 00 02 02 16 0C 00 00 02 91 FF FA 6A 
00 FF FF 00 02 10 22 93 00 00 02 00 00 02 02 17 0C 00 00 02 08 FF FA 67 
00 FF FF 00 02 10 22 93 00 00 02 00 00 02 02 18 0C 00 00 03 B4 FF FB 69 
00 FF FF 00 02 10 22 93 00 00 02 00 00 02 02 1B 0C 00 00 02 98 FF FA 6A 
00 FF FF 00 02 10 22 93 00 00 02 00 00 02 02 1C 0C 00 00 02 37 FF FA 6A 
00 FF FF 00 02 10 22 93 00 00 02 00 00 02 02 1D 0C 00 00 01 EC FF FA 6A 
00 FF FF 00 02 10 22 93 00 00 02 00 00 02 02 1E 0C 00 00 02 26 FF FB 66 
00 FF FF 00 02 10 22 93 00 00 02 00 00 02 02 1F 0C 00 00 01 D7 FF FC 6B 
00 FF FF 00 02 10 22 93 00 00 02 00 00 02 02 21 0C 00 00 02 4E FF FA 69 
00 FF FF 00 02 10 22 93 00 00 02 00 00 02 02 22 0C 00 00 01 97 FF F7 68 
00 FF FF 00 02 10 22 93 00 00 02 00 00 02 02 23 0C 00 00 05 59 FF F6 6A 
00 FF FF 00 02 10 22 93 00 00 02 00 00 02 02 24 0C 00 00 03 80 FF F6 69 
00 FF FF 00 02 10 22 93 00 00 02 00 00 02 02 26 0C 00 00 02 85 FF F7 63 
00 FF FF 00 02 10 22 93 00 00 02 00 00 02 02 27 0C 00 00 05 22 FF F0 68 
00 FF FF 00 02 10 22 93 00 00 02 00 00 02 02 28 0C 00 00 02 50 FF F5 6A 
00 FF FF 00 02 10 22 93 00 00 02 00 00 02 02 2B 0C 00 00 01 DF FF FB 69 
00 FF FF 00 02 10 22 93 00 00 02 00 00 02 02 2C 0C 00 00 01 F5 FF FA 6B 
00 FF FF 00 02 10 22 93 00 00 02 00 00 02 02 2D 0C 00 00 01 B8 FF FC 69 
00 FF FF 00 02 10 22 93 00 00 02 00 00 02 02 2E 0C 00 00 00 C3 FF F9 69 
00 FF FF 00 02 10 22 93 00 00 02 00 00 02 02 2F 0C 00 00 00 D1 FF FA 6B 
00 FF FF 00 02 10 22 93 00 00 02 00 00 02 02 31 0C 00 00 01 34 FF FA 6A 
00 FF FF 00 02 10 22 93 00 00 02 00 00 02 02 32 0C 00 00 04 FC FF F9 67 
00 FF FF 00 02 10 22 93 00 00 02 00 00 02 02 33 0C 00 00 02 59 FF F9 69 
00 FF FF 00 02 10 22 93 00 00 02 00 00 02 02 34 0C 00 00 02 13 FF FA 6A 
00 FF FF 00 02 10 22 93 00 00 02 00 00 02 02 35 0C 00 00 02 4D FF FB 6A 
00 FF FF 00 02 10 22 93 00 00 02 00 00 02 02 37 0C 00 00 02 BB FF F8 62 
00 FF FF 00 02 10 22 93 00 00 02 00 00 02 02 39 0C 00 00 02 62 FF F8 69 
00 FF FF 00 02 10 22 93 00 00 02 00 00 02 02 3A 0C 00 00 03 93 FF F9 6B 
00 FF FF 00 02 10 22 93 00 00 02 00 00 02 02 3B 0C 00 00 02 F3 FF F7 6A 
00 FF FF 00 02 10 22 93 00 00 02 00 00 02 02 3C 0C 00 00 01 F7 FF FB 6A 
00 FF FF 00 02 10 22 93 00 00 02 00 00 02 02 3D 0C 00 00 02 28 FF F9 6A 
00 FF FF 00 02 10 22 93 00 00 02 00 00 02 02 40 0C 00 00 04 39 FF FB 6B 
00 FF FF 00 02 10 22 93 00 00 02 00 00 02 02 41 0C 00 00 02 70 FF FA 6A 
00 FF FF 00 02 10 22 93 00 00 02 00 00 02 02 42 0C 00 00 01 28 FF FD 66 
00 FF FF 00 02 10 22 93 00 00 02 00 00 02 02 43 0C 00 00 02 16 FF FC 69 
00 FF FF 00 02 10 22 93 00 00 02 00 00 02 02 44 0C 00 00 01 81 FF FA 6A 
00 FF FF 00 02 10 22 93 00 00 02 00 00 02 02 45 0C 00 00 01 F6 FF FA 67 
00 FF FF 00 02 10 22 93 00 00 02 00 00 02 02 46 0C 00 00 00 7C FF F9 6A 
00 FF FF 00 02 10 22 93 00 00 02 00 00 02 02 47 0C 00 00 01 C2 FF FA 6A 
00 FF FF 00 02 10 22 93 00 00 02 00 00 02 02 49 0C 00 00 02 0D FF FA 69 
00 FF FF 00 02 10 22 93 00 00 02 00 00 02 02 4A 0C 00 00 02 12 FF FA 69 
00 FF FF 00 02 10 22 93 00 00 02 00 00 02 02 4B 0C 00 00 01 F2 FF FA 6A 
00 FF FF 00 02 10 22 93 00 00 02 00 00 02 02 4C 0C 00 00 01 CC FF FA 66 
00 FF FF 00 02 10 22 93 00 00 02 00 00 02 02 4D 0C 00 00 01 AF FF FA 6A 
00 FF FF 00 02 10 22 93 00 00 02 00 00 02 02 4E 0C 00 00 01 14 FF FA 69 
00 FF FF 00 02 10 22 93 00 00 02 00 00 02 02 51 0C 00 00 03 06 FF FA 69 
00 FF FF 00 02 10 22 93 00 00 02 00 00 02 02 52 0C 00 00 02 30 FF FA 67 
00 FF FF 00 02 10 22 93 00 00 02 00 00 02 02 53 0C 00 00 01 22 FF FA 6A 
00 FF FF 00 02 10 22 93 00 00 02 00 00 02 02 54 0C 00 00 01 5F FF FA 6A 
00 FF FF 00 02 10 22 93 00 00 02 00 00 02 02 55 0C 00 00 03 1A FF FA 67 
00 FF FF 00 02 10 22 93 00 00 02 00 00 02 02 56 0C 00 00 04 B1 FF FC 69 
00 FF FF 00 02 10 22 93 00 00 02 00 00 02 02 58 0C 00 00 02 CC FF FA 66 
00 FF FF 00 02 10 22 93 00 00 02 00 00 02 02 59 0C 00 00 01 8D FF FC 6A 
00 FF FF 00 02 10 22 93 00 00 02 00 00 02 02 5A 0C 00 00 04 6D FF FC 6A 
00 FF FF 00 02 10 22 93 00 00 02 00 00 02 02 5B 0C 00 00 01 4F FF FA 66 
00 FF FF 00 02 10 22 93 00 00 02 00 00 02 02 5C 0C 00 00 03 D3 FF FA 6A 
00 FF FF 00 02 10 22 93 00 00 02 00 00 02 02 5D 0C 00 00 02 02 FF FC 69 
00 FF FF 00 02 10 22 93 00 00 02 00 00 02 02 60 0C 00 00 04 76 FF FD 6A 
00 FF FF 00 02 10 22 93 00 00 02 00 00 02 02 61 0C 00 00 04 5B FF FA 69 
00 FF FF 00 02 10 22 93 00 00 02 00 00 02 02 62 0C 00 00 02 C5 FF FA 6A 
00 FF FF 00 02 10 22 93 00 00 02 00 00 02 02 63 0C 00 00 01 33 FF FC 6B 
00 FF FF 00 02 10 22 93 00 00 02 00 00 02 02 64 0C 00 00 01 67 FF FA 6A 
00 FF FF 00 02 10 22 93 00 00 02 00 00 02 02 65 0C 00 00 03 9D FF FC 69 
00 FF FF 00 02 10 22 93 00 00 02 00 00 02 02 66 0C 00 00 03 11 FF FD 6A 
00 FF FF 00 02 10 22 93 00 00 02 00 00 02 02 67 0C 00 00 02 22 FF FA 6A 
00 FF FF 00 02 10 22 93 00 00 02 00 00 02 02 68 0C 00 00 01 58 FF FA 6A 
00 FF FF 00 02 10 22 93 00 00 02 00 00 02 02 69 0C 00 00 03 A5 FF FA 6B 
00 FF FF 00 02 10 22 93 00 00 02 00 00 02 02 6A 0C 00 00 02 6E FF FB 68 
00 FF FF 00 02 10 22 93 00 00 02 00 00 02 02 6B 0C 00 00 03 58 FF FC 69 
00 FF FF 00 02 10 22 93 00 00 02 00 00 02 02 6C 0C 00 00 04 7F FF FA 6A 
00 FF FF 00 02 10 22 93 00 00 02 00 00 02 02 6D 0C 00 00 03 47 FF FD 6A 
00 FF FF 00 02 10 22 93 00 00 02 00 00 02 02 6E 0C 00 00 02 47 FF FA 6A 
00 FF FF 00 02 10 22 93 00 00 02 00 00 02 02 6F 0C 00 00 00 B6 FF FA 6A 
00 FF FF 00 02 10 22 93 00 00 02 00 00 02 02 70 0C 00 00 01 48 FF FA 69 
00 FF FF 00 02 10 22 93 00 00 02 00 00 02 02 71 0C 00 00 01 8F FF FA 6A 
00 FF FF 00 02 10 22 93 00 00 02 00 00 02 02 72 0C 00 00 01 9C FF FA 6A 
00 FF FF 00 02 10 22 93 00 00 02 00 00 02 02 74 0C 00 00 01 AC FF FB 6B 
00 FF FF 00 02 10 22 93 00 00 02 00 00 02 02 75 0C 00 00 00 E3 FF FA 6A 
00 FF FF 00 02 10 22 93 00 00 02 00 00 02 02 76 0C 00 00 01 E4 FF FB 69 
00 FF FF 00 02 10 22 93 00 00 02 00 00 02 02 78 0C 00 00 00 C9 FF FA 69 
00 FF FF 00 02 10 22 93 00 00 02 00 00 02 02 79 0C 00 00 02 ED FF F9 67 
00 FF FF 00 02 10 22 93 00 00 02 00 00 02 02 7A 0C 00 00 02 3C FF FC 6A 
00 FF FF 00 02 10 22 93 00 00 02 00 00 02 02 7B 0C 00 00 01 6B FF FA 6A 
00 FF FF 00 02 10 22 93 00 00 02 00 00 02 02 7C 0C 00 00 01 F5 FF FB 68 
00 FF FF 00 02 10 22 93 00 00 02 00 00 02 02 7D 0C 00 00 02 08 FF FC 6A 
00 FF FF 00 02 10 22 93 00 00 02 00 00 02 02 7E 0C 00 00 02 88 FF FA 69 
00 FF FF 00 02 10 22 93 00 00 02 00 00 02 02 7F 0C 00 00 02 AC FF F9 6B 
00 FF FF 00 02 10 22 93 00 00 02 00 00 02 02 80 0C 00 00 02 04 FF FA 6A 
00 FF FF 00 02 10 22 93 00 00 02 00 00 02 02 81 0C 00 00 02 00 FF FA 62 
00 FF FF 00 02 10 22 93 00 00 02 00 00 02 02 82 0C 00 00 02 78 FF FA 6A 
00 FF FF 00 02 10 22 93 00 00 02 00 00 02 02 83 0C 00 00 01 8E FF FB 69 
00 FF FF 00 02 10 22 93 00 00 02 00 00 02 02 84 0C 00 00 02 59 FF FA 64 
00 FF FF 00 02 10 22 93 00 00 02 00 00 02 02 85 0C 00 00 01 5D FF FA 69 
00 FF FF 00 02 10 22 93 00 00 02 00 00 02 02 87 0C 00 00 01 3B FF FB 6A 
00 FF FF 00 02 10 22 93 00 00 02 00 00 02 02 88 0C 00 00 01 32 FF FC 6B 
00 FF FF 00 02 10 22 93 00 00 02 00 00 02 02 8A 0C 00 00 01 35 FF FA 6A 
00 FF FF 00 02 10 22 93 00 00 02 00 00 02 02 8B 0C 00 00 01 21 FF FA 66 
00 FF FF 00 02 10 22 93 00 00 02 00 00 02 02 8C 0C 00 00 01 17 FF FC 6B 
00 FF FF 00 02 10 22 93 00 00 02 00 00 02 02 8D 0C 00 00 02 36 FF FA 6A 
00 FF FF 00 02 10 22 93 00 00 02 00 00 02 02 8E 0C 00 00 02 4C FF F9 67 
00 FF FF 00 02 10 22 93 00 00 02 00 00 02 02 8F 0C 00 00 00 F6 FF FA 69 
00 FF FF 00 02 10 22 93 00 00 02 00 00 02 02 90 0C 00 00 00 65 FF FA 68 
00 FF FF 00 02 10 22 93 00 00 02 00 00 02 02 91 0C 00 00 04 E9 FF FC 6B 
00 FF FF 00 02 10 22 93 00 00 02 00 00 02 02 92 0C 00 00 01 91 FF FA 6B 
00 FF FF 00 02 10 22 93 00 00 02 00 00 02 02 93 0C 00 00 02 C8 FF FC 67 
00 FF FF 00 02 10 22 93 00 00 02 00 00 02 02 94 0C 00 00 02 8F FF FC 6A 
00 FF FF 00 02 10 22 93 00 00 02 00 00 02 02 95 0C 00 00 01 81 FF FA 68 
00 FF FF 00 02 10 22 93 00 00 02 00 00 02 02 96 0C 00 00 02 2B FF F9 68 
00 FF FF 00 02 10 22 93 00 00 02 00 00 02 02 97 0C 00 00 01 56 FF FA 69 
00 FF FF 00 02 10 22 93 00 00 02 00 00 02 02 98 0C 00 00 01 05 FF FA 6A 
00 FF FF 00 02 10 22 93 00 00 02 00 00 02 02 99 0C 00 00 02 CA FF FC 6A 
00 FF FF 00 02 10 22 93 00 00 02 00 00 02 02 9A 0C 00 00 02 92 FF FA 68 
00 FF FF 00 02 10 22 93 00 00 02 00 00 02 02 9C 0C 00 00 02 56 FF FA 69 
00 FF FF 00 02 10 22 93 00 00 02 00 00 02 02 9D 0C 00 00 01 F1 FF FA 6A 
00 FF FF 00 02 10 22 93 00 00 02 00 00 02 02 9E 0C 00 00 01 A1 FF FA 69 
00 FF FF 00 02 10 22 93 00 00 02 00 00 02 02 9F 0C 00 00 02 4D FF FA 69 
00 FF FF 00 02 10 22 93 00 00 02 00 00 02 02 A1 0C 00 00 00 BB FF FC 6B 
00 FF FF 00 02 10 22 93 00 00 02 00 00 02 02 A2 0C 00 00 03 77 FF FA 69 
00 FF FF 00 02 10 22 93 00 00 02 00 00 02 02 A3 0C 00 00 02 29 FF FB 69 
00 FF FF 00 02 10 22 93 00 00 02 00 00 02 02 A4 0C 00 00 02 18 FF FA 6A 
00 FF FF 00 02 10 22 93 00 00 02 00 00 02 02 A5 0C 00 00 02 4E FF FA 69 
00 FF FF 00 02 10 22 93 00 00 02 00 00 02 02 A6 0C 00 00 01 8A FF FA 6B 
00 FF FF 00 02 10 22 93 00 00 02 00 00 02 02 A7 0C 00 00 03 10 FF FA 6B 
00 FF FF 00 02 10 22 93 00 00 02 00 00 02 02 A8 0C 00 00 02 6C FF FA 65 
00 FF FF 00 02 10 22 93 00 00 02 00 00 02 02 A9 0C 00 00 02 49 FF FA 6A 
00 FF FF 00 02 10 22 93 00 00 02 00 00 02 02 AA 0C 00 00 01 55 FF FA 68 
00 FF FF 00 02 10 22 93 00 00 02 00 00 02 02 AB 0C 00 00 00 6F FF F9 6A 
00 FF FF 00 02 10 22 93 00 00 02 00 00 02 02 AC 0C 00 00 01 BF FF FA 69 
00 FF FF 00 02 10 22 93 00 00 02 00 00 02 02 AD 0C 00 00 03 FA FF F9 6A 
00 FF FF 00 02 10 22 93 00 00 02 00 00 02 02 AE 0C 00 00 01 94 FF FA 6A 
00 FF FF 00 02 10 22 93 00 00 02 00 00 02 02 AF 0C 00 00 02 5A FF FC 6A 
00 FF FF 00 02 10 22 93 00 00 02 00 00 02 02 B0 0C 00 00 01 C7 FF FA 69 
00 FF FF 00 02 10 22 93 00 00 02 00 00 02 02 B2 0C 00 00 02 29 FF F9 6A 
00 FF FF 00 02 10 22 93 00 00 02 00 00 02 02 B3 0C 00 00 03 18 FF F9 69 
00 FF FF 00 02 10 22 93 00 00 02 00 00 02 02 B4 0C 00 00 02 9B FF F9 69 
00 FF FF 00 02 10 22 93 00 00 02 00 00 02 02 B5 0C 00 00 00 B6 FF FC 69 
00 FF FF 00 02 10 22 93 00 00 02 00 00 02 02 B8 0C 00 00 01 75 FF FA 69 
00 FF FF 00 02 10 22 93 00 00 02 00 00 02 02 B9 0C 00 00 01 56 FF FA 6A 
00 FF FF 00 02 10 22 93 00 00 02 00 00 02 02 BA 0C 00 00 02 16 FF FA 64 
00 FF FF 00 02 10 22 93 00 00 02 00 00 02 02 BB 0C 00 00 02 DC FF FA 69 
00 FF FF 00 02 10 22 93 00 00 02 00 00 02 02 BC 0C 00 00 03 01 FF FA 67 
00 FF FF 00 02 10 22 93 00 00 02 00 00 02 02 BD 0C 00 00 01 B4 FF FA 69 
00 FF FF 00 02 10 22 93 00 00 02 00 00 02 02 BE 0C 00 00 02 0D FF FA 68 
00 FF FF 00 02 10 22 93 00 00 02 00 00 02 02 BF 0C 00 00 02 AD FF FA 6B 
00 FF FF 00 02 10 22 93 00 00 02 00 00 02 02 C0 0C 00 00 01 80 FF FC 68 
00 FF FF 00 02 10 22 93 00 00 02 00 00 02 02 C1 0C 00 00 03 19 FF FB 6A 
00 FF FF 00 02 10 22 93 00 00 02 00 00 02 02 C2 0C 00 00 05 E4 FF FA 6A 
00 FF FF 00 02 10 22 93 00 00 02 00 00 02 02 C3 0C 00 00 01 96 FF FA 69 
00 FF FF 00 02 10 22 93 00 00 02 00 00 02 02 C4 0C 00 00 01 95 FF FA 6B 
00 FF FF 00 02 10 22 93 00 00 02 00 00 02 02 C5 0C 00 00 01 76 FF FA 6A 
00 FF FF 00 02 10 22 93 00 00 02 00 00 02 02 C6 0C 00 00 02 4D FF FC 6A 
00 FF FF 00 02 10 22 93 00 00 02 00 00 02 02 C7 0C 00 00 01 EB FF FA 68 
00 FF FF 00 02 10 22 93 00 00 02 00 00 02 02 C8 0C 00 00 01 D1 FF F9 6A 
00 FF FF 00 02 10 22 93 00 00 02 00 00 02 02 C9 0C 00 00 01 D3 FF FA 68 
00 FF FF 00 02 10 22 93 00 00 02 00 00 02 02 CA 0C 00 00 03 A3 FF FC 6A 
00 FF FF 00 02 10 22 93 00 00 02 00 00 02 02 CB 0C 00 00 01 8B FF FD 6A 
00 FF FF 00 02 10 22 93 00 00 02 00 00 02 02 CD 0C 00 00 02 11 FF FA 6A 
00 FF FF 00 02 10 22 93 00 00 02 00 00 02 02 CE 0C 00 00 02 F1 FF FB 69 
00 FF FF 00 02 10 22 93 00 00 02 00 00 02 02 CF 0C 00 00 01 CB FF FA 6A 
00 FF FF 00 02 10 22 93 00 00 02 00 00 02 02 D0 0C 00 00 01 58 FF FC 68 
00 FF FF 00 02 10 22 93 00 00 02 00 00 02 02 D2 0C 00 00 01 A1 FF FB 69 
00 FF FF 00 02 10 22 93 00 00 02 00 00 02 02 D3 0C 00 00 01 E3 FF FB 69 
00 FF FF 00 02 10 22 93 00 00 02 00 00 02 02 D4 0C 00 00 01 CA FF FA 6B 
00 FF FF 00 02 10 22 93 00 00 02 00 00 02 02 D5 0C 00 00 02 99 FF FB 68 
00 FF FF 00 02 10 22 93 00 00 02 00 00 02 02 D6 0C 00 00 02 0B FF FB 6A 
00 FF FF 00 02 10 22 93 00 00 02 00 00 02 02 D7 0C 00 00 01 99 FF FB 66 
00 FF FF 00 02 10 22 93 00 00 02 00 00 02 02 D8 0C 00 00 01 AD FF FA 6A 
00 FF FF 00 02 10 22 93 00 00 02 00 00 02 02 D9 0C 00 00 02 C1 FF FA 69 
00 FF FF 00 02 10 22 93 00 00 02 00 00 02 02 DA 0C 00 00 02 01 FF FA 69 
00 FF FF 00 02 10 22 93 00 00 02 00 00 02 02 DB 0C 00 00 03 DB FF FC 6A 
00 FF FF 00 02 10 22 93 00 00 02 00 00 02 02 DC 0C 00 00 02 40 FF FA 6A 
00 FF FF 00 02 10 22 93 00 00 02 00 00 02 02 DD 0C 00 00 00 E0 FF FA 68 
00 FF FF 00 02 10 22 93 00 00 02 00 00 02 02 DF 0C 00 00 02 33 FF FA 69 
00 FF FF 00 02 10 22 93 00 00 02 00 00 02 02 E0 0C 00 00 02 A0 FF FB 69 
00 FF FF 00 02 10 22 93 00 00 02 00 00 02 02 E1 0C 00 00 02 86 FF FA 6A 
00 FF FF 00 02 10 22 93 00 00 02 00 00 02 02 E2 0C 00 00 01 A6 FF FC 6B 
00 FF FF 00 02 10 22 93 00 00 02 00 00 02 02 E3 0C 00 00 03 7B FF FA 69 
00 FF FF 00 02 10 22 93 00 00 02 00 00 02 02 E4 0C 00 00 05 92 FF FA 6A 
00 FF FF 00 02 10 22 93 00 00 02 00 00 02 02 E5 0C 00 00 02 2B FF FB 6A 
00 FF FF 00 02 10 22 93 00 00 02 00 00 02 02 E6 0C 00 00 01 A2 FF FC 67 
00 FF FF 00 02 10 22 93 00 00 02 00 00 02 02 E7 0C 00 00 03 22 FF FD 6A 
00 FF FF 00 02 10 22 93 00 00 02 00 00 02 02 E8 0C 00 00 01 A0 FF FC 6A 
00 FF FF 00 02 10 22 93 00 00 02 00 00 02 02 E9 0C 00 00 02 AA FF FA 69 
00 FF FF 00 02 10 22 93 00 00 02 00 00 02 02 EA 0C 00 00 01 57 FF FB 6A 
00 FF FF 00 02 10 22 93 00 00 02 00 00 02 02 EB 0C 00 00 01 7F FF FB 69 
00 FF FF 00 02 10 22 93 00 00 02 00 00 02 02 EC 0C 00 00 01 94 FF FA 6A 
00 FF FF 00 02 10 22 93 00 00 02 00 00 02 02 ED 0C 00 00 01 C3 FF FC 68 
00 FF FF 00 02 10 22 93 00 00 02 00 00 02 02 EE 0C 00 00 01 07 FF FE 68 
00 FF FF 00 02 10 22 93 00 00 02 00 00 02 02 EF 0C 00 00 01 39 FF FA 69 
00 FF FF 00 02 10 22 93 00 00 02 00 00 02 02 F0 0C 00 00 02 AF FF FA 6B 
00 FF FF 00 02 10 22 93 00 00 02 00 00 02 02 F1 0C 00 00 02 04 FF FA 69 
00 FF FF 00 02 10 22 93 00 00 02 00 00 02 02 F2 0C 00 00 02 CD FF FD 68 
00 FF FF 00 02 10 22 93 00 00 02 00 00 02 02 F3 0C 00 00 00 7B FF FA 67 
00 FF FF 00 02 10 22 93 00 00 02 00 00 02 02 F4 0C 00 00 01 17 FF FB 66 
00 FF FF 00 02 10 22 93 00 00 02 00 00 02 02 F5 0C 00 00 01 E8 FF FA 6B 
00 FF FF 00 02 10 22 93 00 00 02 00 00 02 02 F6 0C 00 00 00 D6 FF FB 6A 
00 FF FF 00 02 10 22 93 00 00 02 00 00 02 02 F7 0C 00 00 01 99 FF FA 6A 
00 FF FF 00 02 10 22 93 00 00 02 00 00 02 02 F8 0C 00 00 01 F8 FF FB 66 
00 FF FF 00 02 10 22 93 00 00 02 00 00 02 02 F9 0C 00 00 01 08 FF FA 69 
00 FF FF 00 02 10 22 93 00 00 02 00 00 02 02 FA 0C 00 00 01 66 FF FD 68 
00 FF FF 00 02 10 22 93 00 00 02 00 00 02 02 FC 0C 00 00 02 C9 FF FB 69 
00 FF FF 00 02 10 22 93 00 00 02 00 00 02 02 FD 0C 00 00 01 88 FF FC 6A 
00 FF FF 00 02 10 22 93 00 00 02 00 00 02 02 FE 0C 00 00 02 07 FF FB 69 
00 FF FF 00 02 10 22 93 00 00 02 00 00 02 02 FF 0C 00 00 01 9B FF FD 6A 
00 FF FF 00 02 10 22 93 00 00 02 00 00 02 03 00 0C 00 00 03 E5 FF FC 6A 
00 FF FF 00 02 10 22 93 00 00 02 00 00 02 03 01 0C 00 00 01 A7 FF FC 66 
00 FF FF 00 02 10 22 93 00 00 02 00 00 02 03 02 0C 00 00 01 F9 FF FE 68 
00 FF FF 00 02 10 22 93 00 00 02 00 00 02 03 03 0C 00 00 02 40 FF FC 6A 
00 FF FF 00 02 10 22 93 00 00 02 00 00 02 03 04 0C 00 00 02 9F FF FC 6A 
00 FF FF 00 02 10 22 93 00 00 02 00 00 02 03 05 0C 00 00 02 42 FF FC 6A 
00 FF FF 00 02 10 22 93 00 00 02 00 00 02 03 06 0C 00 00 03 8C FF FB 6A 
00 FF FF 00 02 10 22 93 00 00 02 00 00 02 03 07 0C 00 00 01 86 FF FC 69 
00 FF FF 00 02 10 22 93 00 00 02 00 00 02 03 09 0C 00 00 03 A6 FF FE 69 
00 FF FF 00 02 10 22 93 00 00 02 00 00 02 03 0A 0C 00 00 01 86 FF FC 69 
00 FF FF 00 02 10 22 93 00 00 02 00 00 02 03 0B 0C 00 00 00 AB FF FB 6A 
00 FF FF 00 02 10 22 93 00 00 02 00 00 02 03 0C 0C 00 00 01 7D FF FE 68 
00 FF FF 00 02 10 22 93 00 00 02 00 00 02 03 0D 0C 00 00 00 79 FF FB 6A 
00 FF FF 00 02 10 22 93 00 00 02 00 00 02 03 0E 0C 00 00 01 67 FF FE 6A 
00 FF FF 00 02 10 22 93 00 00 02 00 00 02 03 0F 0C 00 00 02 BB FF FC 66 
00 FF FF 00 02 10 22 93 00 00 02 00 00 02 03 10 0C 00 00 00 EA FF FC 6A 
00 FF FF 00 02 10 22 93 00 00 02 00 00 02 03 12 0C 00 00 00 E0 FF FC 6A 
00 FF FF 00 02 10 22 93 00 00 02 00 00 02 03 13 0C 00 00 01 17 FF FC 67 
00 FF FF 00 02 10 22 93 00 00 02 00 00 02 03 14 0C 00 00 02 2C FF FC 6A 
00 FF FF 00 02 10 22 93 00 00 02 00 00 02 03 15 0C 00 00 02 47 FF FC 6A 
00 FF FF 00 02 10 22 93 00 00 02 00 00 02 03 16 0C 00 00 00 9C FF FC 69 
00 FF FF 00 02 10 22 93 00 00 02 00 00 02 03 17 0C 00 00 01 6A FF FB 64 
00 FF FF 00 02 10 22 93 00 00 02 00 00 02 03 19 0C 00 00 02 0F FF FA 69 
00 FF FF 00 02 10 22 93 00 00 02 00 00 02 03 1A 0C 00 00 03 31 FF FB 6A 
00 FF FF 00 02 10 22 93 00 00 02 00 00 02 03 1B 0C 00 00 00 C1 FF FA 6B 
00 FF FF 00 02 10 22 93 00 00 02 00 00 02 03 1C 0C 00 00 00 C8 FF FB 69 
00 FF FF 00 02 10 22 93 00 00 02 00 00 02 03 1E 0C 00 00 03 48 FF FA 6B 
00 FF FF 00 02 10 22 93 00 00 02 00 00 02 03 1F 0C 00 00 01 E1 FF FD 6A 
00 FF FF 00 02 10 22 93 00 00 02 00 00 02 03 20 0C 00 00 03 A8 FF FE 6A 
00 FF FF 00 02 10 22 93 00 00 02 00 00 02 03 21 0C 00 00 01 54 FF FB 68 
00 FF FF 00 02 10 22 93 00 00 02 00 00 02 03 23 0C 00 00 03 82 FF FC 6A 
00 FF FF 00 02 10 22 93 00 00 02 00 00 02 03 24 0C 00 00 02 A6 FF FC 6A 
00 FF FF 00 02 10 22 93 00 00 02 00 00 02 03 25 0C 00 00 02 27 FF FC 6B 
00 FF FF 00 02 10 22 93 00 00 02 00 00 02 03 26 0C 00 00 00 D4 FF FC 6A 
00 FF FF 00 02 10 22 93 00 00 02 00 00 02 03 28 0C 00 00 02 56 FF FB 6A 
00 FF FF 00 02 10 22 93 00 00 02 00 00 02 03 2B 0C 00 00 02 A0 FF FC 68 
00 FF FF 00 02 10 22 93 00 00 02 00 00 02 03 2C 0C 00 00 02 BD FF FE 6A 
00 FF FF 00 02 10 22 93 00 00 02 00 00 02 03 2D 0C 00 00 02 23 FF FC 69 
00 FF FF 00 02 10 22 93 00 00 02 00 00 02 03 2E 0C 00 00 01 06 FF FE 6A 
00 FF FF 00 02 10 22 93 00 00 02 00 00 02 03 2F 0C 00 00 02 5A FF FE 65 
00 FF FF 00 02 10 22 93 00 00 02 00 00 02 03 31 0C 00 00 03 B8 FF FC 6A 
00 FF FF 00 02 10 22 93 00 00 02 00 00 02 03 32 0C 00 00 01 E4 FF FE 6B 
00 FF FF 00 02 10 22 93 00 00 02 00 00 02 03 33 0C 00 00 00 7C FF FC 68 
00 FF FF 00 02 10 22 93 00 00 02 00 00 02 03 34 0C 00 00 02 A2 FF FC 69 
00 FF FF 00 02 10 22 93 00 00 02 00 00 02 03 35 0C 00 00 02 C8 FF FC 69 
00 FF FF 00 02 10 22 93 00 00 02 00 00 02 03 36 0C 00 00 01 30 FF FC 68 
00 FF FF 00 02 10 22 93 00 00 02 00 00 02 03 37 0C 00 00 01 6F FF FE 6B 
00 FF FF 00 02 10 22 93 00 00 02 00 00 02 03 38 0C 00 00 02 26 FF FC 67 
00 FF FF 00 02 10 22 93 00 00 02 00 00 02 03 39 0C 00 00 01 09 FF FC 65 
00 FF FF 00 02 10 22 93 00 00 02 00 00 02 03 3A 0C 00 00 01 1F FF FE 69 
00 FF FF 00 02 10 22 93 00 00 02 00 00 02 03 3B 0C 00 00 00 E9 FF FE 69 
00 FF FF 00 02 10 22 93 00 00 02 00 00 02 03 3C 0C 00 00 01 F8 FF FC 68 
00 FF FF 00 02 10 22 93 00 00 02 00 00 02 03 3D 0C 00 00 01 E6 FF FC 6A 
00 FF FF 00 02 10 22 93 00 00 02 00 00 02 03 3E 0C 00 00 02 08 FF FD 69 
00 FF FF 00 02 10 22 93 00 00 02 00 00 02 03 3F 0C 00 00 01 07 FF FC 6A 
00 FF FF 00 02 10 22 93 00 00 02 00 00 02 03 40 0C 00 00 01 E5 FF FC 69 
00 FF FF 00 02 10 22 93 00 00 02 00 00 02 03 41 0C 00 00 01 02 FF FC 68 
00 FF FF 00 02 10 22 93 00 00 02 00 00 02 03 42 0C 00 00 05 2D FF FB 67 
00 FF FF 00 02 10 22 93 00 00 02 00 00 02 03 43 0C 00 00 01 A6 FF FD 6B 
00 FF FF 00 02 10 22 93 00 00 02 00 00 02 03 44 0C 00 00 01 A4 FF FC 6A 
00 FF FF 00 02 10 22 93 00 00 02 00 00 02 03 45 0C 00 00 03 06 FF FC 6A 
00 FF FF 00 02 10 22 93 00 00 02 00 00 02 03 46 0C 00 00 00 9B FF FD 6B 
00 FF FF 00 02 10 22 93 00 00 02 00 00 02 03 47 0C 00 00 01 25 FF FB 6A 
00 FF FF 00 02 10 22 93 00 00 02 00 00 02 03 48 0C 00 00 02 7E FF FA 6B 
00 FF FF 00 02 10 22 93 00 00 02 00 00 02 03 49 0C 00 00 01 3E FF FA 69 
00 FF FF 00 02 10 22 93 00 00 02 00 00 02 03 4A 0C 00 00 01 5E FF FC 69 
00 FF FF 00 02 10 22 93 00 00 02 00 00 02 03 4B 0C 00 00 02 14 FF FC 68 
00 FF FF 00 02 10 22 93 00 00 02 00 00 02 03 4C 0C 00 00 01 7D FF FA 6A 
00 FF FF 00 02 10 22 93 00 00 02 00 00 02 03 4D 0C 00 00 00 AD FF FA 69 
00 FF FF 00 02 10 22 93 00 00 02 00 00 02 03 4E 0C 00 00 01 45 FF FB 6A 
00 FF FF 00 02 10 22 93 00 00 02 00 00 02 03 4F 0C 00 00 00 EE FF FA 68 
00 FF FF 00 02 10 22 93 00 00 02 00 00 02 03 50 0C 00 00 02 60 FF FC 6A 
00 FF FF 00 02 10 22 93 00 00 02 00 00 02 03 51 0C 00 00 01 B7 FF FE 69 
00 FF FF 00 02 10 22 93 00 00 02 00 00 02 03 52 0C 00 00 01 A1 FF FB 68 
00 FF FF 00 02 10 22 93 00 00 02 00 00 02 03 53 0C 00 00 02 6D FF FB 6A 
00 FF FF 00 02 10 22 93 00 00 02 00 00 02 03 54 0C 00 00 00 80 FF FB 69 
00 FF FF 00 02 10 22 93 00 00 02 00 00 02 03 56 0C 00 00 00 D3 FF FB 69 
00 FF FF 00 02 10 22 93 00 00 02 00 00 02 03 57 0C 00 00 01 50 FF FC 69 
00 FF FF 00 02 10 22 93 00 00 02 00 00 02 03 58 0C 00 00 01 0C FF FB 69 
00 FF FF 00 02 10 22 93 00 00 02 00 00 02 03 59 0C 00 00 01 1C FF FB 6B 
00 FF FF 00 02 10 22 93 00 00 02 00 00 02 03 5A 0C 00 00 01 25 FF FC 6A 
00 FF FF 00 02 10 22 93 00 00 02 00 00 02 03 5B 0C 00 00 00 A7 FF FE 6A 
00 FF FF 00 02 10 22 93 00 00 02 00 00 02 03 5C 0C 00 00 01 10 FF FB 69 
00 FF FF 00 02 10 22 93 00 00 02 00 00 02 03 5D 0C 00 00 01 A4 FF FB 6A 
00 FF FF 00 02 10 22 93 00 00 02 00 00 02 03 5E 0C 00 00 01 13 FF FD 67 
00 FF FF 00 02 10 22 93 00 00 02 00 00 02 03 5F 0C 00 00 01 32 FF FC 69 
00 FF FF 00 02 10 22 93 00 00 02 00 00 02 03 60 0C 00 00 02 6B FF FC 69 
00 FF FF 00 02 10 22 93 00 00 02 00 00 02 03 61 0C 00 00 00 68 FF FC 6B 
00 FF FF 00 02 10 22 93 00 00 02 00 00 02 03 63 0C 00 00 00 D9 FF FC 68 
00 FF FF 00 02 10 22 93 00 00 02 00 00 02 03 64 0C 00 00 00 AF FF FB 68 
00 FF FF 00 02 10 22 93 00 00 02 00 00 02 03 65 0C 00 00 01 4F FF FE 6A 
00 FF FF 00 02 10 22 93 00 00 02 00 00 02 03 66 0C 00 00 00 CD FF FB 6B 
00 FF FF 00 02 10 22 93 00 00 02 00 00 02 03 67 0C 00 00 01 C3 FF FE 6A 
00 FF FF 00 02 10 22 93 00 00 02 00 00 02 03 68 0C 00 00 00 AF FF FA 69 
00 FF FF 00 02 10 22 93 00 00 02 00 00 02 03 69 0C 00 00 01 89 FF FA 69 
00 FF FF 00 02 10 22 93 00 00 02 00 00 02 03 6A 0C 00 00 01 E4 FF FD 6B 
00 FF FF 00 02 10 22 93 00 00 02 00 00 02 03 6B 0C 00 00 01 AA FF FA 6B 
00 FF FF 00 02 10 22 93 00 00 02 00 00 02 03 6C 0C 00 00 00 DD FF FB 6A 
00 FF FF 00 02 10 22 93 00 00 02 00 00 02 03 6D 0C 00 00 05 AB FF FC 6A 
00 FF FF 00 02 10 22 93 00 00 02 00 00 02 03 6E 0C 00 00 01 40 FF FC 68 
00 FF FF 00 02 10 22 93 00 00 02 00 00 02 03 6F 0C 00 00 03 BD FF FC 69 
00 FF FF 00 02 10 22 93 00 00 02 00 00 02 03 71 0C 00 00 02 3F FF FE 6B 
00 FF FF 00 02 10 22 93 00 00 02 00 00 02 03 72 0C 00 00 00 CD FF FC 65 
00 FF FF 00 02 10 22 93 00 00 02 00 00 02 03 73 0C 00 00 05 08 FF FE 69 
00 FF FF 00 02 10 22 93 00 00 02 00 00 02 03 74 0C 00 00 00 8D FF FC 69 
00 FF FF 00 02 10 22 93 00 00 02 00 00 02 03 75 0C 00 00 00 D6 FF FC 6B 
00 FF FF 00 02 10 22 93 00 00 02 00 00 02 03 76 0C 00 00 02 42 FF FE 6A 
00 FF FF 00 02 10 22 93 00 00 02 00 00 02 03 78 0C 00 00 02 C9 FF FC 66 
00 FF FF 00 02 10 22 93 00 00 02 00 00 02 03 7A 0C 00 00 02 8E FF FE 6A 
00 FF FF 00 02 10 22 93 00 00 02 00 00 02 03 7B 0C 00 00 01 9C FF FC 6A 
00 FF FF 00 02 10 22 93 00 00 02 00 00 02 03 7C 0C 00 00 01 64 FF FC 67 
00 FF FF 00 02 10 22 93 00 00 02 00 00 02 03 7D 0C 00 00 01 2A FF FE 6B 
00 FF FF 00 02 10 22 93 00 00 02 00 00 02 03 7E 0C 00 00 00 E1 FF FE 67 
00 FF FF 00 02 10 22 93 00 00 02 00 00 02 03 80 0C 00 00 00 A5 FF FE 6A 
00 FF FF 00 02 10 22 93 00 00 02 00 00 02 03 81 0C 00 00 02 0B FF FC 69 
00 FF FF 00 02 10 22 93 00 00 02 00 00 02 03 82 0C 00 00 02 42 FF FE 6A 
00 FF FF 00 02 10 22 93 00 00 02 00 00 02 03 83 0C 00 00 05 3B FF FC 69 
00 FF FF 00 02 10 22 93 00 00 02 00 00 02 03 86 0C 00 00 02 F1 FF FE 6A 
00 FF FF 00 02 10 22 93 00 00 02 00 00 02 03 87 0C 00 00 01 40 FF FE 66 
00 FF FF 00 02 10 22 93 00 00 02 00 00 02 03 88 0C 00 00 02 95 FF FC 6A 
00 FF FF 00 02 10 22 93 00 00 02 00 00 02 03 89 0C 00 00 01 DA FF FE 68 
00 FF FF 00 02 10 22 93 00 00 02 00 00 02 03 8A 0C 00 00 02 4B FF FC 6A 
00 FF FF 00 02 10 22 93 00 00 02 00 00 02 03 8B 0C 00 00 01 E8 FF FC 65 
00 FF FF 00 02 10 22 93 00 00 02 00 00 02 03 8C 0C 00 00 02 4F FF FE 6A 
00 FF FF 00 02 10 22 93 00 00 02 00 00 02 03 8D 0C 00 00 01 A5 FF FD 69 
00 FF FF 00 02 10 22 93 00 00 02 00 00 02 03 8E 0C 00 00 04 41 FF FC 68 
00 FF FF 00 02 10 22 93 00 00 02 00 00 02 03 8F 0C 00 00 03 77 FF FE 6A 
00 FF FF 00 02 10 22 93 00 00 02 00 00 02 03 90 0C 00 00 01 F2 FF FE 6B 
00 FF FF 00 02 10 22 93 00 00 02 00 00 02 03 91 0C 00 00 01 38 FF FC 69 
00 FF FF 00 02 10 22 93 00 00 02 00 00 02 03 92 0C 00 00 03 67 FF FE 6A 
00 FF FF 00 02 10 22 93 00 00 02 00 00 02 03 93 0C 00 00 03 BB FF FE 6A 
00 FF FF 00 02 10 22 93 00 00 02 00 00 02 03 94 0C 00 00 00 8D FF FC 6A 
00 FF FF 00 02 10 22 93 00 00 02 00 00 02 03 96 0C 00 00 05 E3 FF FE 6A 
00 FF FF 00 02 10 22 93 00 00 02 00 00 02 03 97 0C 00 00 01 BE FF FE 68 
00 FF FF 00 02 10 22 93 00 00 02 00 00 02 03 98 0C 00 00 00 E0 FF FE 6B 
00 FF FF 00 02 10 22 93 00 00 02 00 00 02 03 9A 0C 00 00 01 BE FF FE 68 
00 FF FF 00 02 10 22 93 00 00 02 00 00 02 03 9B 0C 00 00 01 17 FF FC 68 
00 FF FF 00 02 10 22 93 00 00 02 00 00 02 03 9C 0C 00 00 02 C1 FF FE 69 
00 FF FF 00 02 10 22 93 00 00 02 00 00 02 03 9D 0C 00 00 01 9E FF FC 69 
00 FF FF 00 02 10 22 93 00 00 02 00 00 02 03 9E 0C 00 00 02 1D FF FC 68 
00 FF FF 00 02 10 22 93 00 00 02 00 00 02 03 9F 0C 00 00 01 5A FF FE 6A 
00 FF FF 00 02 10 22 93 00 00 02 00 00 02 03 A0 0C 00 00 00 97 FF FC 67 
00 FF FF 00 02 10 22 93 00 00 02 00 00 02 03 A1 0C 00 00 01 53 FF FC 6A 
00 FF FF 00 02 10 22 93 00 00 02 00 00 02 03 A2 0C 00 00 02 47 FF FC 66 
00 FF FF 00 02 10 22 93 00 00 02 00 00 02 03 A3 0C 00 00 02 12 FF FC 6A 
00 FF FF 00 02 10 22 93 00 00 02 00 00 02 03 A4 0C 00 00 03 A2 FF FE 67 
00 FF FF 00 02 10 22 93 00 00 02 00 00 02 03 A5 0C 00 00 01 BA FF FE 6B 
00 FF FF 00 02 10 22 93 00 00 02 00 00 02 03 A6 0C 00 00 02 08 FF FC 67 
00 FF FF 00 02 10 22 93 00 00 02 00 00 02 03 A8 0C 00 00 02 03 FF FE 69 
00 FF FF 00 02 10 22 93 00 00 02 00 00 02 03 AA 0C 00 00 01 AE FF FD 6A 
00 FF FF 00 02 10 22 93 00 00 02 00 00 02 03 AB 0C 00 00 01 68 FF FC 64 
00 FF FF 00 02 10 22 93 00 00 02 00 00 02 03 AC 0C 00 00 02 46 FF FE 6B 
00 FF FF 00 02 10 22 93 00 00 02 00 00 02 03 AD 0C 00 00 01 9B FF FC 69 
00 FF FF 00 02 10 22 93 00 00 02 00 00 02 03 AE 0C 00 00 01 E4 FF FD 6A 
00 FF FF 00 02 10 22 93 00 00 02 00 00 02 03 AF 0C 00 00 02 1A FF FC 6A 
00 FF FF 00 02 10 22 93 00 00 02 00 00 02 03 B0 0C 00 00 02 59 FF FC 6A 
00 FF FF 00 02 10 22 93 00 00 02 00 00 02 03 B2 0C 00 00 02 98 FF FC 65 
00 FF FF 00 02 10 22 93 00 00 02 00 00 02 03 B3 0C 00 00 02 32 FF FC 6A 
00 FF FF 00 02 10 22 93 00 00 02 00 00 02 03 B4 0C 00 00 01 E3 FF FC 69 
00 FF FF 00 02 10 22 93 00 00 02 00 00 02 03 B5 0C 00 00 02 A6 FF FC 69 
00 FF FF 00 02 10 22 93 00 00 02 00 00 02 03 B6 0C 00 00 06 F7 FF FC 6A 
00 FF FF 00 02 10 22 93 00 00 02 00 00 02 03 B7 0C 00 00 02 3E FF FD 6A 
00 FF FF 00 02 10 22 93 00 00 02 00 00 02 03 B8 0C 00 00 05 B2 FF FE 69 
00 FF FF 00 02 10 22 93 00 00 02 00 00 02 03 B9 0C 00 00 01 6D FF FB 6A 
00 FF FF 00 02 10 22 93 00 00 02 00 00 02 03 BA 0C 00 00 02 32 FF FE 6A 
00 FF FF 00 02 10 22 93 00 00 02 00 00 02 03 BB 0C 00 00 02 59 FF F8 6A 
00 FF FF 00 02 10 22 93 00 00 02 00 00 02 03 BC 0C 00 00 01 1B FF FF 6A 
00 FF FF 00 02 10 22 93 00 00 02 00 00 02 03 BD 0C 00 00 00 CC FF FF 69 
00 FF FF 00 02 10 22 93 00 00 02 00 00 02 03 BF 0C 00 00 00 FF FF FE 6A 
00 FF FF 00 02 10 22 93 00 00 02 00 00 02 03 C1 0C 00 00 01 C3 FF FB 68 
00 FF FF 00 02 10 22 93 00 00 02 00 00 02 03 C2 0C 00 00 00 CD FF FA 6A 
00 FF FF 00 02 10 22 93 00 00 02 00 00 02 03 C3 0C 00 00 02 D4 FF FB 6A 
00 FF FF 00 02 10 22 93 00 00 02 00 00 02 03 C5 0C 00 00 01 EE FF FB 66 
00 FF FF 00 02 10 22 93 00 00 02 00 00 02 03 C6 0C 00 00 03 C5 FF FA 69 
00 FF FF 00 02 10 22 93 00 00 02 00 00 02 03 C7 0C 00 00 01 BD FF FA 6A 
00 FF FF 00 02 10 22 93 00 00 02 00 00 02 03 C8 0C 00 00 00 E2 FF FB 6A 
00 FF FF 00 02 10 22 93 00 00 02 00 00 02 03 C9 0C 00 00 01 98 FF F9 6A 
00 FF FF 00 02 10 22 93 00 00 02 00 00 02 03 CA 0C 00 00 02 14 FF FA 6B 
00 FF FF 00 02 10 22 93 00 00 02 00 00 02 03 CB 0C 00 00 02 4B FF FA 68 
00 FF FF 00 02 10 22 93 00 00 02 00 00 02 03 CC 0C 00 00 02 89 FF F9 69 
00 FF FF 00 02 10 22 93 00 00 02 00 00 02 03 CD 0C 00 00 01 AA FF FA 69 
00 FF FF 00 02 10 22 93 00 00 02 00 00 02 03 CF 0C 00 00 02 7B FF FB 69 
00 FF FF 00 02 10 22 93 00 00 02 00 00 02 03 D0 0C 00 00 02 77 FF F9 6A 
00 FF FF 00 02 10 22 93 00 00 02 00 00 02 03 D1 0C 00 00 01 57 FF FA 65 
00 FF FF 00 02 10 22 93 00 00 02 00 00 02 03 D2 0C 00 00 02 BB FF FA 6A 
00 FF FF 00 02 10 22 93 00 00 02 00 00 02 03 D3 0C 00 00 01 34 FF FA 6B 
00 FF FF 00 02 10 22 93 00 00 02 00 00 02 03 D4 0C 00 00 02 C7 FF FA 69 
00 FF FF 00 02 10 22 93 00 00 02 00 00 02 03 D5 0C 00 00 02 85 FF FC 6A 
00 FF FF 00 02 10 22 93 00 00 02 00 00 02 03 D6 0C 00 00 01 E7 FF FD 68 
00 FF FF 00 02 10 22 93 00 00 02 00 00 02 03 D7 0C 00 00 02 30 FF FB 6B 
00 FF FF 00 02 10 22 93 00 00 02 00 00 02 03 D8 0C 00 00 02 72 FF F9 6A 
00 FF FF 00 02 10 22 93 00 00 02 00 00 02 03 D9 0C 00 00 04 03 FF FA 69 
00 FF FF 00 02 10 22 93 00 00 02 00 00 02 03 DA 0C 00 00 04 5E FF FD 63 
00 FF FF 00 02 10 22 93 00 00 02 00 00 02 03 DB 0C 00 00 01 86 FF FB 68 
00 FF FF 00 02 10 22 93 00 00 02 00 00 02 03 DC 0C 00 00 01 E5 FF FB 68 
00 FF FF 00 02 10 22 93 00 00 02 00 00 02 03 DD 0C 00 00 02 34 FF FA 6B 
00 FF FF 00 02 10 22 93 00 00 02 00 00 02 03 DE 0C 00 00 02 94 FF FA 69 
00 FF FF 00 02 10 22 93 00 00 02 00 00 02 03 DF 0C 00 00 01 C8 FF FC 69 
00 FF FF 00 02 10 22 93 00 00 02 00 00 02 03 E0 0C 00 00 02 33 FF FA 6A 
00 FF FF 00 02 10 22 93 00 00 02 00 00 02 03 E1 0C 00 00 01 C5 FF FC 6A 
00 FF FF 00 02 10 22 93 00 00 02 00 00 02 03 E2 0C 00 00 05 89 FF FC 69 
00 FF FF 00 02 10 22 93 00 00 02 00 00 02 03 E3 0C 00 00 02 C7 FF FC 68 
00 FF FF 00 02 10 22 93 00 00 02 00 00 02 03 E5 0C 00 00 02 EA FF FE 69 
00 FF FF 00 02 10 22 93 00 00 02 00 00 02 03 E6 0C 00 00 03 34 FF FD 6A 
00 FF FF 00 02 10 22 93 00 00 02 00 00 02 03 E7 0C 00 00 0D 14 FF FC 68 
00 FF FF 00 02 10 22 93 00 00 02 00 00 02 03 E9 0C 00 00 02 4C FF FD 6B 
00 FF FF 00 02 10 22 93 00 00 02 00 00 02 03 EB 0C 00 00 00 87 FF FC 6A 
00 FF FF 00 02 10 22 93 00 00 02 00 00 02 03 EF 0C 00 00 01 47 FF FD 69 
00 FF FF 00 02 10 22 93 00 00 02 00 00 02 03 F0 0C 00 00 02 B0 FF FD 6A 
00 FF FF 00 02 10 22 93 00 00 02 00 00 02 03 F3 0C 00 00 01 3E FF FC 69 
00 FF FF 00 02 10 22 93 00 00 02 00 00 02 03 F7 0C 00 00 02 FF FF FC 69 
00 FF FF 00 02 10 22 93 00 00 02 00 00 02 03 FA 0C 00 00 01 F7 FF FB 69 
00 FF FF 00 02 10 22 93 00 00 02 00 00 02 03 FE 0C 00 00 01 AC FF FB 66 
00 FF FF 00 02 10 22 93 00 00 02 00 00 02 04 00 0C 00 00 05 BA FF FE 6B 
00 FF FF 00 02 10 22 93 00 00 02 00 00 02 04 01 0C 00 00 0A 33 FF FB 69 
00 FF FF 00 02 10 22 93 00 00 02 00 00 02 04 04 0C 00 00 02 90 FF FE 69 
00 FF FF 00 02 10 22 93 00 00 02 00 00 02 04 08 0C 00 00 02 5B FF FE 6B 
00 FF FF 00 02 10 22 93 00 00 02 00 00 02 04 09 0C 00 00 02 EC FF FC 69 
00 FF FF 00 02 10 22 93 00 00 02 00 00 02 04 0A 0C 00 00 00 84 FF FE 68 
00 FF FF 00 02 10 22 93 00 00 02 00 00 02 04 0B 0C 00 00 03 99 FF FB 69 
00 FF FF 00 02 10 22 93 00 00 02 00 00 02 04 0C 0C 00 00 01 83 FF FB 6A 
00 FF FF 00 02 10 22 93 00 00 02 00 00 02 04 0D 0C 00 00 01 C9 FF FE 69 
00 FF FF 00 02 10 22 93 00 00 02 00 00 02 04 0F 0C 00 00 02 5B FF FC 6B 
00 FF FF 00 02 10 22 93 00 00 02 00 00 02 04 11 0C 00 00 02 52 FF FC 6A 
00 FF FF 00 02 10 22 93 00 00 02 00 00 02 04 12 0C 00 00 02 BD FF FD 6A 
00 FF FF 00 02 10 22 93 00 00 02 00 00 02 04 13 0C 00 00 01 DE FF FC 68 
00 FF FF 00 02 10 22 93 00 00 02 00 00 02 04 14 0C 00 00 01 EB FF FC 6A 
00 FF FF 00 02 10 22 93 00 00 02 00 00 02 04 15 0C 00 00 00 F5 FF FA 6A 
00 FF FF 00 02 10 22 93 00 00 02 00 00 02 04 16 0C 00 00 01 87 FF FD 68 
00 FF FF 00 02 10 22 93 00 00 02 00 00 02 04 17 0C 00 00 02 8D FF FC 6A 
00 FF FF 00 02 10 22 93 00 00 02 00 00 02 04 18 0C 00 00 01 E9 FF FC 69 
00 FF FF 00 02 10 22 93 00 00 02 00 00 02 04 19 0C 00 00 01 11 FF FC 68 
00 FF FF 00 02 10 22 93 00 00 02 00 00 02 04 1A 0C 00 00 01 41 FF FC 6A 
00 FF FF 00 02 10 22 93 00 00 02 00 00 02 04 1B 0C 00 00 02 E5 FF FC 67 
00 FF FF 00 02 10 22 93 00 00 02 00 00 02 04 1C 0C 00 00 03 4B FF FC 68 
00 FF FF 00 02 10 22 93 00 00 02 00 00 02 04 1D 0C 00 00 02 43 FF FC 69 
00 FF FF 00 02 10 22 93 00 00 02 00 00 02 04 1E 0C 00 00 03 14 FF FC 68 
00 FF FF 00 02 10 22 93 00 00 02 00 00 02 04 1F 0C 00 00 01 AA FF FC 68 
00 FF FF 00 02 10 22 93 00 00 02 00 00 02 04 20 0C 00 00 04 89 FF FC 69 
00 FF FF 00 02 10 22 93 00 00 02 00 00 02 04 21 0C 00 00 01 C4 FF FC 6B 
00 FF FF 00 02 10 22 93 00 00 02 00 00 02 04 22 0C 00 00 05 8E FF FA 6A 
00 FF FF 00 02 10 22 93 00 00 02 00 00 02 04 23 0C 00 00 03 11 FF FE 6B 
00 FF FF 00 02 10 22 93 00 00 02 00 00 02 04 25 0C 00 00 02 F2 FF FC 6A 
00 FF FF 00 02 10 22 93 00 00 02 00 00 02 04 26 0C 00 00 01 4B FF FD 68 
00 FF FF 00 02 10 22 93 00 00 02 00 00 02 04 27 0C 00 00 02 FC FF FC 69 
00 FF FF 00 02 10 22 93 00 00 02 00 00 02 04 28 0C 00 00 02 82 FF FB 68 
00 FF FF 00 02 10 22 93 00 00 02 00 00 02 04 29 0C 00 00 03 F3 FF FC 69 
00 FF FF 00 02 10 22 93 00 00 02 00 00 02 04 2A 0C 00 00 01 36 FF FC 69 
00 FF FF 00 02 10 22 93 00 00 02 00 00 02 04 2B 0C 00 00 02 89 FF FA 66 
00 FF FF 00 02 10 22 93 00 00 02 00 00 02 04 2C 0C 00 00 01 8F FF FB 6A 
00 FF FF 00 02 10 22 93 00 00 02 00 00 02 04 2D 0C 00 00 01 30 FF FE 6A 
00 FF FF 00 02 10 22 93 00 00 02 00 00 02 04 2E 0C 00 00 02 0A FF FC 66 
00 FF FF 00 02 10 22 93 00 00 02 00 00 02 04 2F 0C 00 00 02 40 FF FC 6A 
00 FF FF 00 02 10 22 93 00 00 02 00 00 02 04 30 0C 00 00 06 86 FF FC 68 
00 FF FF 00 02 10 22 93 00 00 02 00 00 02 04 31 0C 00 00 02 33 FF FE 6A 
00 FF FF 00 02 10 22 93 00 00 02 00 00 02 04 32 0C 00 00 04 2B FF FC 6A 
00 FF FF 00 02 10 22 93 00 00 02 00 00 02 04 33 0C 00 00 02 79 FF FC 69 
00 FF FF 00 02 10 22 93 00 00 02 00 00 02 04 34 0C 00 00 03 08 FF FE 67 
00 FF FF 00 02 10 22 93 00 00 02 00 00 02 04 35 0C 00 00 01 7F FF FD 6A 
00 FF FF 00 02 10 22 93 00 00 02 00 00 02 04 36 0C 00 00 03 96 FF FB 69 
00 FF FF 00 02 10 22 93 00 00 02 00 00 02 04 37 0C 00 00 04 72 FF FE 69 
00 FF FF 00 02 10 22 93 00 00 02 00 00 02 04 38 0C 00 00 01 7B FF FC 6A 
00 FF FF 00 02 10 22 93 00 00 02 00 00 02 04 39 0C 00 00 01 D8 FF FB 69 
00 FF FF 00 02 10 22 93 00 00 02 00 00 02 04 3A 0C 00 00 02 A2 FF FC 68 
00 FF FF 00 02 10 22 93 00 00 02 00 00 02 04 3B 0C 00 00 00 CC FF FB 6A 
00 FF FF 00 02 10 22 93 00 00 02 00 00 02 04 3C 0C 00 00 01 EF FF FC 6A 
00 FF FF 00 02 10 22 93 00 00 02 00 00 02 04 3D 0C 00 00 02 84 FF FC 6A 
00 FF FF 00 02 10 22 93 00 00 02 00 00 02 04 40 0C 00 00 02 A2 FF FC 6A 
00 FF FF 00 02 10 22 93 00 00 02 00 00 02 04 41 0C 00 00 01 B9 FF FB 69 
00 FF FF 00 02 10 22 93 00 00 02 00 00 02 04 42 0C 00 00 02 1C FF FB 69 
00 FF FF 00 02 10 22 93 00 00 02 00 00 02 04 43 0C 00 00 02 14 FF FC 6A 
00 FF FF 00 02 10 22 93 00 00 02 00 00 02 04 44 0C 00 00 02 CE FF FC 68 
00 FF FF 00 02 10 22 93 00 00 02 00 00 02 04 45 0C 00 00 01 BB FF FC 6A 
00 FF FF 00 02 10 22 93 00 00 02 00 00 02 04 46 0C 00 00 02 8B FF FC 69 
00 FF FF 00 02 10 22 93 00 00 02 00 00 02 04 47 0C 00 00 01 42 FF FC 68 
00 FF FF 00 02 10 22 93 00 00 02 00 00 02 04 4A 0C 00 00 02 26 FF FC 6A 
00 FF FF 00 02 10 22 93 00 00 02 00 00 02 04 4B 0C 00 00 01 BE FF FA 68 
00 FF FF 00 02 10 22 93 00 00 02 00 00 02 04 4C 0C 00 00 01 F2 FF FE 6A 
00 FF FF 00 02 10 22 93 00 00 02 00 00 02 04 4D 0C 00 00 03 2F FF FA 69 
00 FF FF 00 02 10 22 93 00 00 02 00 00 02 04 4E 0C 00 00 02 36 FF FA 6A 
00 FF FF 00 02 10 22 93 00 00 02 00 00 02 04 50 0C 00 00 09 AB FF FC 6A 
00 FF FF 00 02 10 22 93 00 00 02 00 00 02 04 51 0C 00 00 03 57 FF FE 6A 
00 FF FF 00 02 10 22 93 00 00 02 00 00 02 04 52 0C 00 00 08 97 FF FD 6A 
00 FF FF 00 02 10 22 93 00 00 02 00 00 02 04 53 0C 00 00 03 C1 FF FC 6A 
00 FF FF 00 02 10 22 93 00 00 02 00 00 02 04 56 0C 00 00 02 F4 FF FA 6B 
00 FF FF 00 02 10 22 93 00 00 02 00 00 02 04 57 0C 00 00 01 5B FF FB 6B 
00 FF FF 00 02 10 22 93 00 00 02 00 00 02 04 58 0C 00 00 04 55 FF FE 6A 
00 FF FF 00 02 10 22 93 00 00 02 00 00 02 04 59 0C 00 00 02 53 FF FE 69 
00 FF FF 00 02 10 22 93 00 00 02 00 00 02 04 5A 0C 00 00 01 79 FF FC 69 
00 FF FF 00 02 10 22 93 00 00 02 00 00 02 04 5B 0C 00 00 05 8D FF FC 6A 
00 FF FF 00 02 10 22 93 00 00 02 00 00 02 04 5C 0C 00 00 06 34 FF FA 69 
00 FF FF 00 02 10 22 93 00 00 02 00 00 02 04 5D 0C 00 00 03 60 FF FA 6B 
00 FF FF 00 02 10 22 93 00 00 02 00 00 02 04 5E 0C 00 00 08 C7 FF FE 6B 
00 FF FF 00 02 10 22 93 00 00 02 00 00 02 04 5F 0C 00 00 07 75 FF FA 66 
00 FF FF 00 02 10 22 93 00 00 02 00 00 02 04 60 0C 00 00 01 71 FF FE 6A 
00 FF FF 00 02 10 22 93 00 00 02 00 00 02 04 61 0C 00 00 01 EC FF FE 6A 
00 FF FF 00 02 10 22 93 00 00 02 00 00 02 04 62 0C 00 00 01 0B FF FE 69 
00 FF FF 00 02 10 22 93 00 00 02 00 00 02 04 63 0C 00 00 02 01 FF FA 6A 
00 FF FF 00 02 10 22 93 00 00 02 00 00 02 04 64 0C 00 00 03 0F FF FC 69 
00 FF FF 00 02 10 22 93 00 00 02 00 00 02 04 65 0C 00 00 07 34 FF FA 69 
00 FF FF 00 02 10 22 93 00 00 02 00 00 02 04 66 0C 00 00 01 54 FF FB 69 
00 FF FF 00 02 10 22 93 00 00 02 00 00 02 04 67 0C 00 00 03 AE FF FB 6A 
00 FF FF 00 02 10 22 93 00 00 02 00 00 02 04 68 0C 00 00 01 40 FF FB 6B 
00 FF FF 00 02 10 22 93 00 00 02 00 00 02 04 69 0C 00 00 02 58 FF FB 69 
00 FF FF 00 02 10 22 93 00 00 02 00 00 02 04 6A 0C 00 00 00 D4 FF FD 6B 
00 FF FF 00 02 10 22 93 00 00 02 00 00 02 04 6B 0C 00 00 01 1D FF FC 6A 
00 FF FF 00 02 10 22 93 00 00 02 00 00 02 04 6C 0C 00 00 01 0D FF FD 68 
00 FF FF 00 02 10 22 93 00 00 02 00 00 02 04 6D 0C 00 00 01 C3 FF FA 6A 
00 FF FF 00 02 10 22 93 00 00 02 00 00 02 04 6E 0C 00 00 01 2A FF FB 6A 
00 FF FF 00 02 10 22 93 00 00 02 00 00 02 04 6F 0C 00 00 01 AE FF FD 6A 
00 FF FF 00 02 10 22 93 00 00 02 00 00 02 04 70 0C 00 00 08 34 FF FD 6B 
00 FF FF 00 02 10 22 93 00 00 02 00 00 02 04 71 0C 00 00 05 17 FF FC 6A 
00 FF FF 00 02 10 22 93 00 00 02 00 00 02 04 72 0C 00 00 07 E1 FF FC 67 
00 FF FF 00 02 10 22 93 00 00 02 00 00 02 04 73 0C 00 00 01 CA FF FC 69 
00 FF FF 00 02 10 22 93 00 00 02 00 00 02 04 74 0C 00 00 00 DD FF FD 6A 
00 FF FF 00 02 10 22 93 00 00 02 00 00 02 04 75 0C 00 00 05 B3 FF FC 69 
00 FF FF 00 02 10 22 93 00 00 02 00 00 02 04 76 0C 00 00 00 A8 FF FC 69 
00 FF FF 00 02 10 22 93 00 00 02 00 00 02 04 77 0C 00 00 02 CC FF FB 6A 
00 FF FF 00 02 10 22 93 00 00 02 00 00 02 04 78 0C 00 00 0B 3F FF FA 69 
00 FF FF 00 02 10 22 93 00 00 02 00 00 02 04 79 0C 00 00 02 93 FF FE 69 
00 FF FF 00 02 10 22 93 00 00 02 00 00 02 04 7A 0C 00 00 01 F1 FF FC 66 
00 FF FF 00 02 10 22 93 00 00 02 00 00 02 04 7B 0C 00 00 07 BE FF FE 6A 
00 FF FF 00 02 10 22 93 00 00 02 00 00 02 04 7C 0C 00 00 04 6B FF FB 6A 
00 FF FF 00 02 10 22 93 00 00 02 00 00 02 04 7D 0C 00 00 03 DF FF FD 6A 
00 FF FF 00 02 10 22 93 00 00 02 00 00 02 04 7E 0C 00 00 02 C8 FF FC 69 
00 FF FF 00 02 10 22 93 00 00 02 00 00 02 04 7F 0C 00 00 00 87 FF FE 69 
00 FF FF 00 02 10 22 93 00 00 02 00 00 02 04 80 0C 00 00 00 E3 FF FC 69 
00 FF FF 00 02 10 22 93 00 00 02 00 00 02 04 81 0C 00 00 06 5B FF FD 6A 
00 FF FF 00 02 10 22 93 00 00 02 00 00 02 04 82 0C 00 00 02 2E FF FB 6A 
00 FF FF 00 02 10 22 93 00 00 02 00 00 02 04 83 0C 00 00 01 C2 FF FC 6A 
00 FF FF 00 02 10 22 93 00 00 02 00 00 02 04 86 0C 00 00 02 0A FF FC 6A 
00 FF FF 00 02 10 22 93 00 00 02 00 00 02 04 87 0C 00 00 02 45 FF FE 6A 
00 FF FF 00 02 10 22 93 00 00 02 00 00 02 04 88 0C 00 00 01 CE FF FC 6A 
00 FF FF 00 02 10 22 93 00 00 02 00 00 02 04 89 0C 00 00 02 29 FF FC 6A 
00 FF FF 00 02 10 22 93 00 00 02 00 00 02 04 8A 0C 00 00 00 DC FF FA 69 
00 FF FF 00 02 10 22 93 00 00 02 00 00 02 04 8B 0C 00 00 03 83 FF FC 6A 
00 FF FF 00 02 10 22 93 00 00 02 00 00 02 04 8C 0C 00 00 02 B5 FF FC 69 
00 FF FF 00 02 10 22 93 00 00 02 00 00 02 04 8D 0C 00 00 02 9B FF FA 6B 
00 FF FF 00 02 10 22 93 00 00 02 00 00 02 04 8E 0C 00 00 01 6D FF FC 68 
00 FF FF 00 02 10 22 93 00 00 02 00 00 02 04 8F 0C 00 00 05 12 FF FC 6A 
00 FF FF 00 02 10 22 93 00 00 02 00 00 02 04 90 0C 00 00 06 11 FF FC 64 
00 FF FF 00 02 10 22 93 00 00 02 00 00 02 04 91 0C 00 00 02 BF FF FC 69 
00 FF FF 00 02 10 22 93 00 00 02 00 00 02 04 92 0C 00 00 02 19 FF FE 69 
00 FF FF 00 02 10 22 93 00 00 02 00 00 02 04 94 0C 00 00 02 73 FF FE 69 
00 FF FF 00 02 10 22 93 00 00 02 00 00 02 04 95 0C 00 00 05 C2 FF FA 69 
00 FF FF 00 02 10 22 93 00 00 02 00 00 02 04 96 0C 00 00 02 AC FF FC 6B 
00 FF FF 00 02 10 22 93 00 00 02 00 00 02 04 97 0C 00 00 02 CB FF FC 68 
00 FF FF 00 02 10 22 93 00 00 02 00 00 02 04 98 0C 00 00 06 5B FF FB 6A 
00 FF FF 00 02 10 22 93 00 00 02 00 00 02 04 99 0C 00 00 00 A0 FF FD 6A 
00 FF FF 00 02 10 22 93 00 00 02 00 00 02 04 9B 0C 00 00 00 7D FF FB 6A 
00 FF FF 00 02 10 22 93 00 00 02 00 00 02 04 9C 0C 00 00 02 4C FF FC 68 
00 FF FF 00 02 10 22 93 00 00 02 00 00 02 04 9D 0C 00 00 02 84 FF FB 69 
00 FF FF 00 02 10 22 93 00 00 02 00 00 02 04 9E 0C 00 00 01 E0 FF FC 6A 
00 FF FF 00 02 10 22 93 00 00 02 00 00 02 04 9F 0C 00 00 01 1B FF FB 68 
00 FF FF 00 02 10 22 93 00 00 02 00 00 02 04 A0 0C 00 00 04 46 FF FA 6B 
00 FF FF 00 02 10 22 93 00 00 02 00 00 02 04 A1 0C 00 00 01 28 FF FC 68 
00 FF FF 00 02 10 22 93 00 00 02 00 00 02 04 A2 0C 00 00 02 57 FF FA 6A 
00 FF FF 00 02 10 22 93 00 00 02 00 00 02 04 A3 0C 00 00 01 08 FF FB 68 
00 FF FF 00 02 10 22 93 00 00 02 00 00 02 04 A4 0C 00 00 02 B2 FF FB 69 
00 FF FF 00 02 10 22 93 00 00 02 00 00 02 04 A5 0C 00 00 04 10 FF FB 68 
00 FF FF 00 02 10 22 93 00 00 02 00 00 02 04 A6 0C 00 00 02 EA FF FB 6A 
00 FF FF 00 02 10 22 93 00 00 02 00 00 02 04 A7 0C 00 00 00 CD FF FC 6A 
00 FF FF 00 02 10 22 93 00 00 02 00 00 02 04 A8 0C 00 00 01 D2 FF FC 69 
00 FF FF 00 02 10 22 93 00 00 02 00 00 02 04 A9 0C 00 00 01 EE FF FC 6A 
00 FF FF 00 02 10 22 93 00 00 02 00 00 02 04 AA 0C 00 00 01 3A FF FD 68 
00 FF FF 00 02 10 22 93 00 00 02 00 00 02 04 AB 0C 00 00 01 23 FF FC 6A 
00 FF FF 00 02 10 22 93 00 00 02 00 00 02 04 AC 0C 00 00 02 A8 FF FE 69 
00 FF FF 00 02 10 22 93 00 00 02 00 00 02 04 AD 0C 00 00 01 FF FF FD 69 
00 FF FF 00 02 10 22 93 00 00 02 00 00 02 04 AE 0C 00 00 01 37 FF FE 6A 
00 FF FF 00 02 10 22 93 00 00 02 00 00 02 04 AF 0C 00 00 02 22 FF FC 6A 
00 FF FF 00 02 10 22 93 00 00 02 00 00 02 04 B0 0C 00 00 00 F4 FF FE 6A 
00 FF FF 00 02 10 22 93 00 00 02 00 00 02 04 B1 0C 00 00 03 14 FF FD 6B 
00 FF FF 00 02 10 22 93 00 00 02 00 00 02 04 B3 0C 00 00 02 0E FF FB 69 
00 FF FF 00 02 10 22 93 00 00 02 00 00 02 04 B4 0C 00 00 03 D6 FF FC 69 
00 FF FF 00 02 10 22 93 00 00 02 00 00 02 04 B5 0C 00 00 02 2D FF FC 6A 
00 FF FF 00 02 10 22 93 00 00 02 00 00 02 04 B6 0C 00 00 02 50 FF FC 6A 
00 FF FF 00 02 10 22 93 00 00 02 00 00 02 04 B7 0C 00 00 03 04 FF FE 6B 
00 FF FF 00 02 10 22 93 00 00 02 00 00 02 04 B9 0C 00 00 00 E9 FF FC 69 
00 FF FF 00 02 10 22 93 00 00 02 00 00 02 04 BA 0C 00 00 01 25 FF FD 6A 
00 FF FF 00 02 10 22 93 00 00 02 00 00 02 04 BB 0C 00 00 02 39 FF FC 69 
00 FF FF 00 02 10 22 93 00 00 02 00 00 02 04 BC 0C 00 00 01 FC FF FB 6A 
00 FF FF 00 02 10 22 93 00 00 02 00 00 02 04 BD 0C 00 00 00 75 FF FC 69 
00 FF FF 00 02 10 22 93 00 00 02 00 00 02 04 BE 0C 00 00 02 0A FF FB 69 
00 FF FF 00 02 10 22 93 00 00 02 00 00 02 04 BF 0C 00 00 01 DF FF FC 6A 
00 FF FF 00 02 10 22 93 00 00 02 00 00 02 04 C0 0C 00 00 02 14 FF FC 68 
00 FF FF 00 02 10 22 93 00 00 02 00 00 02 04 C1 0C 00 00 03 05 FF FA 6A 
00 FF FF 00 02 10 22 93 00 00 02 00 00 02 04 C2 0C 00 00 01 A7 FF FC 6A 
00 FF FF 00 02 10 22 93 00 00 02 00 00 02 04 C3 0C 00 00 00 D0 FF FD 66 
00 FF FF 00 02 10 22 93 00 00 02 00 00 02 04 C4 0C 00 00 01 42 FF FC 6A 
00 FF FF 00 02 10 22 93 00 00 02 00 00 02 04 C5 0C 00 00 02 60 FF FB 69 
00 FF FF 00 02 10 22 93 00 00 02 00 00 02 04 C6 0C 00 00 02 30 FF FB 69 
00 FF FF 00 02 10 22 93 00 00 02 00 00 02 04 C7 0C 00 00 01 66 FF FB 6A 
00 FF FF 00 02 10 22 93 00 00 02 00 00 02 04 C8 0C 00 00 01 69 FF FA 6A 
00 FF FF 00 02 10 22 93 00 00 02 00 00 02 04 CA 0C 00 00 01 08 FF FC 6B 
00 FF FF 00 02 10 22 93 00 00 02 00 00 02 04 CB 0C 00 00 01 E0 FF FD 6B 
00 FF FF 00 02 10 22 93 00 00 02 00 00 02 04 CC 0C 00 00 00 88 FF FC 6B 
00 FF FF 00 02 10 22 93 00 00 02 00 00 02 04 CD 0C 00 00 01 90 FF FA 6B 
00 FF FF 00 02 10 22 93 00 00 02 00 00 02 04 CE 0C 00 00 00 C4 FF FC 6A 
00 FF FF 00 02 10 22 93 00 00 02 00 00 02 04 CF 0C 00 00 03 20 FF FC 6B 
00 FF FF 00 02 10 22 93 00 00 02 00 00 02 04 D0 0C 00 00 01 DE FF FB 67 
00 FF FF 00 02 10 22 93 00 00 02 00 00 02 04 D1 0C 00 00 00 FE FF FA 69 
00 FF FF 00 02 10 22 93 00 00 02 00 00 02 04 D2 0C 00 00 04 73 FF FB 69 
00 FF FF 00 02 10 22 93 00 00 02 00 00 02 04 D3 0C 00 00 02 B2 FF FB 6B 
00 FF FF 00 02 10 22 93 00 00 02 00 00 02 04 D4 0C 00 00 02 60 FF FC 6A 
00 FF FF 00 02 10 22 93 00 00 02 00 00 02 04 D5 0C 00 00 02 52 FF FC 69 
00 FF FF 00 02 10 22 93 00 00 02 00 00 02 04 D6 0C 00 00 02 5F FF FE 6A 
00 FF FF 00 02 10 22 93 00 00 02 00 00 02 04 D7 0C 00 00 04 F2 FF FE 6A 
00 FF FF 00 02 10 22 93 00 00 02 00 00 02 04 D8 0C 00 00 01 BE FF FE 68 
00 FF FF 00 02 10 22 93 00 00 02 00 00 02 04 DB 0C 00 00 04 3E FF FE 66 
00 FF FF 00 02 10 22 93 00 00 02 00 00 02 04 DC 0C 00 00 02 8D FF FE 6A 
00 FF FF 00 02 10 22 93 00 00 02 00 00 02 04 DD 0C 00 00 04 84 FF FE 69 
00 FF FF 00 02 10 22 93 00 00 02 00 00 02 04 DE 0C 00 00 01 92 FF FE 6B 
00 FF FF 00 02 10 22 93 00 00 02 00 00 02 04 DF 0C 00 00 01 FA FF FE 69 
00 FF FF 00 02 10 22 93 00 00 02 00 00 02 04 E0 0C 00 00 01 80 FF FE 6A 
00 FF FF 00 02 10 22 93 00 00 02 00 00 02 04 E1 0C 00 00 01 CA FF FE 69 
00 FF FF 00 02 10 22 93 00 00 02 00 00 02 04 E2 0C 00 00 02 C1 FF FE 69 
00 FF FF 00 02 10 22 93 00 00 02 00 00 02 04 E3 0C 00 00 02 1D FF FE 6A 
00 FF FF 00 02 10 22 93 00 00 02 00 00 02 04 E4 0C 00 00 03 A8 FF FE 67 
00 FF FF 00 02 10 22 93 00 00 02 00 00 02 04 E5 0C 00 00 01 B8 FF FE 69 
00 FF FF 00 02 10 22 93 00 00 02 00 00 02 04 E6 0C 00 00 05 ED FF FE 6A 
00 FF FF 00 02 10 22 93 00 00 02 00 00 02 04 E7 0C 00 00 01 46 FF FE 69 
00 FF FF 00 02 10 22 93 00 00 02 00 00 02 04 E8 0C 00 00 04 71 FF FE 69 
00 FF FF 00 02 10 22 93 00 00 02 00 00 02 04 E9 0C 00 00 02 04 FF FC 66 
00 FF FF 00 02 10 22 93 00 00 02 00 00 02 04 EA 0C 00 00 00 B8 FF FE 69 
00 FF FF 00 02 10 22 93 00 00 02 00 00 02 04 EB 0C 00 00 02 FA FF FC 68 
00 FF FF 00 02 10 22 93 00 00 02 00 00 02 04 EC 0C 00 00 01 6E FF FD 6A 
00 FF FF 00 02 10 22 93 00 00 02 00 00 02 04 ED 0C 00 00 01 89 FF FC 6B 
00 FF FF 00 02 10 22 93 00 00 02 00 00 02 04 EE 0C 00 00 02 52 FF FC 68 
00 FF FF 00 02 10 22 93 00 00 02 00 00 02 04 F0 0C 00 00 02 84 FF FC 6A 
00 FF FF 00 02 10 22 93 00 00 02 00 00 02 04 F1 0C 00 00 00 7D FF FE 6A 
00 FF FF 00 02 10 22 93 00 00 02 00 00 02 04 F2 0C 00 00 02 80 FF FE 6A 
00 FF FF 00 02 10 22 93 00 00 02 00 00 02 04 F3 0C 00 00 02 20 FF FE 6A 
00 FF FF 00 02 10 22 93 00 00 02 00 00 02 04 F4 0C 00 00 02 B5 FF FE 69 
00 FF FF 00 02 10 22 93 00 00 02 00 00 02 04 F5 0C 00 00 01 E6 FF FE 68 
00 FF FF 00 02 10 22 93 00 00 02 00 00 02 04 F6 0C 00 00 02 07 FF FC 6A 
00 FF FF 00 02 10 22 93 00 00 02 00 00 02 04 F8 0C 00 00 03 80 FF FD 6B 
00 FF FF 00 02 10 22 93 00 00 02 00 00 02 04 F9 0C 00 00 02 9B FF FC 66 
00 FF FF 00 02 10 22 93 00 00 02 00 00 02 04 FA 0C 00 00 02 95 FF FD 6A 
00 FF FF 00 02 10 22 93 00 00 02 00 00 02 04 FC 0C 00 00 01 7F FF FD 6A 
00 FF FF 00 02 10 22 93 00 00 02 00 00 02 04 FD 0C 00 00 02 63 FF FC 6A 
00 FF FF 00 02 10 22 93 00 00 02 00 00 02 04 FE 0C 00 00 01 3E FF FD 6B 
00 FF FF 00 02 10 22 93 00 00 02 00 00 02 04 FF 0C 00 00 02 DA FF FC 69 
00 FF FF 00 02 10 22 93 00 00 02 00 00 02 05 00 0C 00 00 01 BB FF FE 69 
00 FF FF 00 02 10 22 93 00 00 02 00 00 02 05 01 0C 00 00 01 E1 FF FC 6A 
00 FF FF 00 02 10 22 93 00 00 02 00 00 02 05 02 0C 00 00 02 8E FF FC 69 
00 FF FF 00 02 10 22 93 00 00 02 00 00 02 05 03 0C 00 00 01 B7 FF FC 6A 
00 FF FF 00 02 10 22 93 00 00 02 00 00 02 05 04 0C 00 00 01 4F FF FD 68 
00 FF FF 00 02 10 22 93 00 00 02 00 00 02 05 05 0C 00 00 01 72 FF FB 6A 
00 FF FF 00 02 10 22 93 00 00 02 00 00 02 05 07 0C 00 00 01 18 FF FB 6A 
00 FF FF 00 02 10 22 93 00 00 02 00 00 02 05 08 0C 00 00 02 0D FF FC 67 
00 FF FF 00 02 10 22 93 00 00 02 00 00 02 05 09 0C 00 00 01 03 FF FC 6A 
00 FF FF 00 02 10 22 93 00 00 02 00 00 02 05 0A 0C 00 00 02 9A FF FE 68 
00 FF FF 00 02 10 22 93 00 00 02 00 00 02 05 0B 0C 00 00 02 82 FF FE 6A 
00 FF FF 00 02 10 22 93 00 00 02 00 00 02 05 0D 0C 00 00 02 14 FF FC 6A 
00 FF FF 00 02 10 22 93 00 00 02 00 00 02 05 0E 0C 00 00 01 6D FF FB 6A 
00 FF FF 00 02 10 22 93 00 00 02 00 00 02 05 0F 0C 00 00 00 DB FF FE 68 
00 FF FF 00 02 10 22 93 00 00 02 00 00 02 05 10 0C 00 00 01 AD FF FC 6A 
00 FF FF 00 02 10 22 93 00 00 02 00 00 02 05 11 0C 00 00 03 5C FF FC 68 
00 FF FF 00 02 10 22 93 00 00 02 00 00 02 05 13 0C 00 00 01 38 FF FE 6A 
00 FF FF 00 02 10 22 93 00 00 02 00 00 02 05 14 0C 00 00 01 8A FF FC 68 
00 FF FF 00 02 10 22 93 00 00 02 00 00 02 05 15 0C 00 00 01 20 FF FC 68 
00 FF FF 00 02 10 22 93 00 00 02 00 00 02 05 16 0C 00 00 01 F1 FF FC 69 
00 FF FF 00 02 10 22 93 00 00 02 00 00 02 05 17 0C 00 00 00 DB FF FC 68 
00 FF FF 00 02 10 22 93 00 00 02 00 00 02 05 18 0C 00 00 00 BB FF FC 69 
00 FF FF 00 02 10 22 93 00 00 02 00 00 02 05 19 0C 00 00 03 36 FF FE 6A 
00 FF FF 00 02 10 22 93 00 00 02 00 00 02 05 1A 0C 00 00 01 29 FF FD 69 
00 FF FF 00 02 10 22 93 00 00 02 00 00 02 05 1B 0C 00 00 01 F6 FF FB 6A 
00 FF FF 00 02 10 22 93 00 00 02 00 00 02 05 1D 0C 00 00 01 A6 FF FD 6B 
00 FF FF 00 02 10 22 93 00 00 02 00 00 02 05 1E 0C 00 00 01 42 FF FC 69 
00 FF FF 00 02 10 22 93 00 00 02 00 00 02 05 1F 0C 00 00 02 95 FF FE 6B 
00 FF FF 00 02 10 22 93 00 00 02 00 00 02 05 20 0C 00 00 01 BF FF FD 66 
00 FF FF 00 02 10 22 93 00 00 02 00 00 02 05 22 0C 00 00 04 0A FF FE 69 
00 FF FF 00 02 10 22 93 00 00 02 00 00 02 05 23 0C 00 00 01 01 FF FE 6A 
00 FF FF 00 02 10 22 93 00 00 02 00 00 02 05 24 0C 00 00 03 60 FF FC 67 
00 FF FF 00 02 10 22 93 00 00 02 00 00 02 05 25 0C 00 00 01 27 FF FC 6A 
00 FF FF 00 02 10 22 93 00 00 02 00 00 02 05 26 0C 00 00 01 85 FF FC 67 
00 FF FF 00 02 10 22 93 00 00 02 00 00 02 05 27 0C 00 00 02 0A FF FC 6A 
00 FF FF 00 02 10 22 93 00 00 02 00 00 02 05 28 0C 00 00 01 BE FF FC 6A 
00 FF FF 00 02 10 22 93 00 00 02 00 00 02 05 29 0C 00 00 00 FB FF FE 69 
00 FF FF 00 02 10 22 93 00 00 02 00 00 02 05 2A 0C 00 00 01 2D FF FD 6B 
00 FF FF 00 02 10 22 93 00 00 02 00 00 02 05 2B 0C 00 00 01 55 FF FC 6A 
00 FF FF 00 02 10 22 93 00 00 02 00 00 02 05 2C 0C 00 00 05 19 FF FC 69 
00 FF FF 00 02 10 22 93 00 00 02 00 00 02 05 2D 0C 00 00 00 B6 FF FC 68 
00 FF FF 00 02 10 22 93 00 00 02 00 00 02 05 2E 0C 00 00 00 CD FF FE 6A 
00 FF FF 00 02 10 22 93 00 00 02 00 00 02 05 2F 0C 00 00 01 2A FF FE 69 
00 FF FF 00 02 10 22 93 00 00 02 00 00 02 05 30 0C 00 00 01 BB FF FC 6A 
00 FF FF 00 02 10 22 93 00 00 02 00 00 02 05 31 0C 00 00 01 19 FF FE 6B 
00 FF FF 00 02 10 22 93 00 00 02 00 00 02 05 32 0C 00 00 01 E9 FF FC 68 
00 FF FF 00 02 10 22 93 00 00 02 00 00 02 05 33 0C 00 00 02 FC FF FE 6A 
00 FF FF 00 02 10 22 93 00 00 02 00 00 02 05 34 0C 00 00 01 16 FF FC 6A 
00 FF FF 00 02 10 22 93 00 00 02 00 00 02 05 35 0C 00 00 00 B6 FF FD 69 
00 FF FF 00 02 10 22 93 00 00 02 00 00 02 05 36 0C 00 00 02 C3 FF FD 6B 
00 FF FF 00 02 10 22 93 00 00 02 00 00 02 05 37 0C 00 00 01 67 FF FC 69 
00 FF FF 00 02 10 22 93 00 00 02 00 00 02 05 38 0C 00 00 02 BF FF FC 68 
00 FF FF 00 02 10 22 93 00 00 02 00 00 02 05 39 0C 00 00 03 51 FF FD 6B 
00 FF FF 00 02 10 22 93 00 00 02 00 00 02 05 3A 0C 00 00 03 4C FF FE 67 
00 FF FF 00 02 10 22 93 00 00 02 00 00 02 05 3B 0C 00 00 02 5C FF FC 69 
00 FF FF 00 02 10 22 93 00 00 02 00 00 02 05 3C 0C 00 00 03 5C FF FE 6A 
00 FF FF 00 02 10 22 93 00 00 02 00 00 02 05 3D 0C 00 00 02 1D FF FC 6A 
00 FF FF 00 02 10 22 93 00 00 02 00 00 02 05 3E 0C 00 00 02 9A FF FB 69 
00 FF FF 00 02 10 22 93 00 00 02 00 00 02 05 3F 0C 00 00 01 38 FF FB 6A 
00 FF FF 00 02 10 22 93 00 00 02 00 00 02 05 40 0C 00 00 01 79 FF FE 66 
00 FF FF 00 02 10 22 93 00 00 02 00 00 02 05 41 0C 00 00 05 4F FF FC 6A 
00 FF FF 00 02 10 22 93 00 00 02 00 00 02 05 42 0C 00 00 02 82 FF FD 69 
00 FF FF 00 02 10 22 93 00 00 02 00 00 02 05 44 0C 00 00 03 3F FF FC 69 
00 FF FF 00 02 10 22 93 00 00 02 00 00 02 05 45 0C 00 00 01 B4 FF FC 6A 
00 FF FF 00 02 10 22 93 00 00 02 00 00 02 05 46 0C 00 00 01 46 FF FB 69 
00 FF FF 00 02 10 22 93 00 00 02 00 00 02 05 47 0C 00 00 02 44 FF FC 6A 
00 FF FF 00 02 10 22 93 00 00 02 00 00 02 05 49 0C 00 00 03 19 FF FB 6B 
00 FF FF 00 02 10 22 93 00 00 02 00 00 02 05 4A 0C 00 00 02 DB FF FE 6A 
00 FF FF 00 02 10 22 93 00 00 02 00 00 02 05 4B 0C 00 00 01 B1 FF FC 68 
00 FF FF 00 02 10 22 93 00 00 02 00 00 02 05 4C 0C 00 00 03 8E FF FC 6B 
00 FF FF 00 02 10 22 93 00 00 02 00 00 02 05 4D 0C 00 00 03 8B FF FB 6A 
00 FF FF 00 02 10 22 93 00 00 02 00 00 02 05 4E 0C 00 00 00 C9 FF FC 69 
00 FF FF 00 02 10 22 93 00 00 02 00 00 02 05 4F 0C 00 00 01 8E FF FB 68 
00 FF FF 00 02 10 22 93 00 00 02 00 00 02 05 50 0C 00 00 03 84 FF FC 6A 
00 FF FF 00 02 10 22 93 00 00 02 00 00 02 05 51 0C 00 00 02 69 FF FD 6A 
00 FF FF 00 02 10 22 93 00 00 02 00 00 02 05 52 0C 00 00 03 AA FF FB 68 
00 FF FF 00 02 10 22 93 00 00 02 00 00 02 05 53 0C 00 00 02 E0 FF FB 69 
00 FF FF 00 02 10 22 93 00 00 02 00 00 02 05 55 0C 00 00 02 45 FF FC 69 
00 FF FF 00 02 10 22 93 00 00 02 00 00 02 05 56 0C 00 00 02 BF FF FC 67 
00 FF FF 00 02 10 22 93 00 00 02 00 00 02 05 58 0C 00 00 01 C8 FF FB 66 
00 FF FF 00 02 10 22 93 00 00 02 00 00 02 05 59 0C 00 00 01 65 FF FC 69 
00 FF FF 00 02 10 22 93 00 00 02 00 00 02 05 5A 0C 00 00 03 49 FF FC 69 
00 FF FF 00 02 10 22 93 00 00 02 00 00 02 05 5B 0C 00 00 03 02 FF FC 68 
00 FF FF 00 02 10 22 93 00 00 02 00 00 02 05 5C 0C 00 00 02 5D FF FC 69 
00 FF FF 00 02 10 22 93 00 00 02 00 00 02 05 5D 0C 00 00 03 83 FF FC 6A 
00 FF FF 00 02 10 22 93 00 00 02 00 00 02 05 5E 0C 00 00 00 C7 FF FE 69 
00 FF FF 00 02 10 22 93 00 00 02 00 00 02 05 5F 0C 00 00 02 62 FF FD 6A 
00 FF FF 00 02 10 22 93 00 00 02 00 00 02 05 60 0C 00 00 02 0F FF FE 69 
00 FF FF 00 02 10 22 93 00 00 02 00 00 02 05 61 0C 00 00 01 B5 FF FC 69 
00 FF FF 00 02 10 22 93 00 00 02 00 00 02 05 62 0C 00 00 02 A1 FF FC 6A 
00 FF FF 00 02 10 22 93 00 00 02 00 00 02 05 63 0C 00 00 00 F2 FF FC 69 
00 FF FF 00 02 10 22 93 00 00 02 00 00 02 05 64 0C 00 00 02 AC FF FE 69 
00 FF FF 00 02 10 22 93 00 00 02 00 00 02 05 65 0C 00 00 01 18 FF FC 68 
00 FF FF 00 02 10 22 93 00 00 02 00 00 02 05 66 0C 00 00 01 74 FF FC 6B 
00 FF FF 00 02 10 22 93 00 00 02 00 00 02 05 67 0C 00 00 03 62 FF FB 6A 
00 FF FF 00 02 10 22 93 00 00 02 00 00 02 05 68 0C 00 00 02 0C FF FE 6A 
00 FF FF 00 02 10 22 93 00 00 02 00 00 02 05 69 0C 00 00 03 14 FF FC 6A 
00 FF FF 00 02 10 22 93 00 00 02 00 00 02 05 6C 0C 00 00 01 3F FF FC 69 
00 FF FF 00 02 10 22 93 00 00 02 00 00 02 05 6D 0C 00 00 02 A6 FF FC 69 
00 FF FF 00 02 10 22 93 00 00 02 00 00 02 05 6E 0C 00 00 03 C6 FF FC 68 
00 FF FF 00 02 10 22 93 00 00 02 00 00 02 05 6F 0C 00 00 01 A5 FF FE 69 
00 FF FF 00 02 10 22 93 00 00 02 00 00 02 05 70 0C 00 00 00 BD FF FE 67 
00 FF FF 00 02 10 22 93 00 00 02 00 00 02 05 71 0C 00 00 03 F9 FF FC 68 
00 FF FF 00 02 10 22 93 00 00 02 00 00 02 05 72 0C 00 00 01 93 FF FC 69 
00 FF FF 00 02 10 22 93 00 00 02 00 00 02 05 73 0C 00 00 04 0E FF FC 6A 
00 FF FF 00 02 10 22 93 00 00 02 00 00 02 05 74 0C 00 00 01 54 FF FC 6A 
00 FF FF 00 02 10 22 93 00 00 02 00 00 02 05 75 0C 00 00 02 DC FF FC 68 
00 FF FF 00 02 10 22 93 00 00 02 00 00 02 05 76 0C 00 00 02 0D FF FD 69 
00 FF FF 00 02 10 22 93 00 00 02 00 00 02 05 77 0C 00 00 00 B7 FF FC 6A 
00 FF FF 00 02 10 22 93 00 00 02 00 00 02 05 78 0C 00 00 01 EB FF FD 69 
00 FF FF 00 02 10 22 93 00 00 02 00 00 02 05 79 0C 00 00 02 0B FF FC 66 
00 FF FF 00 02 10 22 93 00 00 02 00 00 02 05 7A 0C 00 00 02 E4 FF FC 6A 
00 FF FF 00 02 10 22 93 00 00 02 00 00 02 05 7B 0C 00 00 02 9B FF FB 68 
00 FF FF 00 02 10 22 93 00 00 02 00 00 02 05 7C 0C 00 00 01 A0 FF FC 69 
00 FF FF 00 02 10 22 93 00 00 02 00 00 02 05 7D 0C 00 00 01 84 FF FC 69 
00 FF FF 00 02 10 22 93 00 00 02 00 00 02 05 7E 0C 00 00 01 30 FF FE 6A 
00 FF FF 00 02 10 22 93 00 00 02 00 00 02 05 7F 0C 00 00 01 32 FF FC 68 
00 FF FF 00 02 10 22 93 00 00 02 00 00 02 05 80 0C 00 00 01 97 FF FC 68 
00 FF FF 00 02 10 22 93 00 00 02 00 00 02 05 81 0C 00 00 02 39 FF FC 68 
00 FF FF 00 02 10 22 93 00 00 02 00 00 02 05 82 0C 00 00 01 3A FF FC 6B 
00 FF FF 00 02 10 22 93 00 00 02 00 00 02 05 83 0C 00 00 01 07 FF FC 68 
00 FF FF 00 02 10 22 93 00 00 02 00 00 02 05 84 0C 00 00 02 BE FF FC 6A 
00 FF FF 00 02 10 22 93 00 00 02 00 00 02 05 85 0C 00 00 02 0C FF FC 6A 
00 FF FF 00 02 10 22 93 00 00 02 00 00 02 05 86 0C 00 00 02 B7 FF FC 69 
00 FF FF 00 02 10 22 93 00 00 02 00 00 02 05 87 0C 00 00 05 57 FF FC 6A 
00 FF FF 00 02 10 22 93 00 00 02 00 00 02 05 88 0C 00 00 02 F1 FF FC 68 
00 FF FF 00 02 10 22 93 00 00 02 00 00 02 05 89 0C 00 00 01 47 FF FD 69 
00 FF FF 00 02 10 22 93 00 00 02 00 00 02 05 8A 0C 00 00 03 14 FF FB 6A 
00 FF FF 00 02 10 22 93 00 00 02 00 00 02 05 8B 0C 00 00 02 44 FF FE 6B 
00 FF FF 00 02 10 22 93 00 00 02 00 00 02 05 8C 0C 00 00 02 35 FF FB 69 
00 FF FF 00 02 10 22 93 00 00 02 00 00 02 05 8E 0C 00 00 03 0B FF FE 6A 
00 FF FF 00 02 10 22 93 00 00 02 00 00 02 05 90 0C 00 00 04 8D FF FB 6B 
00 FF FF 00 02 10 22 93 00 00 02 00 00 02 05 91 0C 00 00 00 B5 FF FD 69 
00 FF FF 00 02 10 22 93 00 00 02 00 00 02 05 92 0C 00 00 01 73 FF FB 68 
00 FF FF 00 02 10 22 93 00 00 02 00 00 02 05 93 0C 00 00 01 50 FF FB 67 
00 FF FF 00 02 10 22 93 00 00 02 00 00 02 05 94 0C 00 00 05 49 FF FC 69 
00 FF FF 00 02 10 22 93 00 00 02 00 00 02 05 95 0C 00 00 01 AA FF FC 6A 
00 FF FF 00 02 10 22 93 00 00 02 00 00 02 05 96 0C 00 00 01 04 FF FC 6B 
00 FF FF 00 02 10 22 93 00 00 02 00 00 02 05 97 0C 00 00 03 65 FF FD 67 
00 FF FF 00 02 10 22 93 00 00 02 00 00 02 05 98 0C 00 00 02 BE FF FC 6A 
00 FF FF 00 02 10 22 93 00 00 02 00 00 02 05 99 0C 00 00 01 9B FF FC 68 
00 FF FF 00 02 10 22 93 00 00 02 00 00 02 05 9A 0C 00 00 02 3C FF FE 6B 
00 FF FF 00 02 10 22 93 00 00 02 00 00 02 05 9B 0C 00 00 00 B7 FF FE 68 
00 FF FF 00 02 10 22 93 00 00 02 00 00 02 05 9C 0C 00 00 03 31 FF FC 69 
00 FF FF 00 02 10 22 93 00 00 02 00 00 02 05 9D 0C 00 00 02 02 FF FE 69 
00 FF FF 00 02 10 22 93 00 00 02 00 00 02 05 9E 0C 00 00 02 27 FF FB 69 
00 FF FF 00 02 10 22 93 00 00 02 00 00 02 05 9F 0C 00 00 02 19 FF FE 69 
00 FF FF 00 02 10 22 93 00 00 02 00 00 02 05 A1 0C 00 00 01 1F FF FE 6A 
00 FF FF 00 02 10 22 93 00 00 02 00 00 02 05 A2 0C 00 00 01 7D FF FC 67 
00 FF FF 00 02 10 22 93 00 00 02 00 00 02 05 A3 0C 00 00 01 8C FF FC 6A 
00 FF FF 00 02 10 22 93 00 00 02 00 00 02 05 A4 0C 00 00 02 E0 FF FC 6A 
00 FF FF 00 02 10 22 93 00 00 02 00 00 02 05 A5 0C 00 00 01 F4 FF FC 69 
00 FF FF 00 02 10 22 93 00 00 02 00 00 02 05 A6 0C 00 00 00 F8 FF FB 67 
00 FF FF 00 02 10 22 93 00 00 02 00 00 02 05 A7 0C 00 00 01 04 FF FE 69 
00 FF FF 00 02 10 22 93 00 00 02 00 00 02 05 A8 0C 00 00 01 65 FF FC 6A 
00 FF FF 00 02 10 22 93 00 00 02 00 00 02 05 A9 0C 00 00 01 82 FF FD 6A 
00 FF FF 00 02 10 22 93 00 00 02 00 00 02 05 AA 0C 00 00 00 E5 FF FD 68 
00 FF FF 00 02 10 22 93 00 00 02 00 00 02 05 AB 0C 00 00 02 D9 FF FC 6A 
00 FF FF 00 02 10 22 93 00 00 02 00 00 02 05 AC 0C 00 00 02 B4 FF FC 68 
00 FF FF 00 02 10 22 93 00 00 02 00 00 02 05 AD 0C 00 00 01 5F FF FC 69 
00 FF FF 00 02 10 22 93 00 00 02 00 00 02 05 AE 0C 00 00 02 9A FF FC 66 
00 FF FF 00 02 10 22 93 00 00 02 00 00 02 05 AF 0C 00 00 03 10 FF FE 6A 
00 FF FF 00 02 10 22 93 00 00 02 00 00 02 05 B0 0C 00 00 01 5C FF FE 6A 
00 FF FF 00 02 10 22 93 00 00 02 00 00 02 05 B1 0C 00 00 02 5C FF FC 69 
00 FF FF 00 02 10 22 93 00 00 02 00 00 02 05 B2 0C 00 00 01 E8 FF FE 69 
00 FF FF 00 02 10 22 93 00 00 02 00 00 02 05 B3 0C 00 00 02 8B FF FC 6A 
00 FF FF 00 02 10 22 93 00 00 02 00 00 02 05 B4 0C 00 00 02 AE FF FC 67 
00 FF FF 00 02 10 22 93 00 00 02 00 00 02 05 B5 0C 00 00 04 F3 FF FE 6A 
00 FF FF 00 02 10 22 93 00 00 02 00 00 02 05 B6 0C 00 00 01 F0 FF FB 67 
00 FF FF 00 02 10 22 93 00 00 02 00 00 02 05 B8 0C 00 00 01 F2 FF FC 6A 
00 FF FF 00 02 10 22 93 00 00 02 00 00 02 05 B9 0C 00 00 05 51 FF FC 6A 
00 FF FF 00 02 10 22 93 00 00 02 00 00 02 05 BA 0C 00 00 02 5B FF FE 69 
00 FF FF 00 02 10 22 93 00 00 02 00 00 02 05 BB 0C 00 00 01 A7 FF FE 69 
00 FF FF 00 02 10 22 93 00 00 02 00 00 02 05 BC 0C 00 00 01 E1 FF FB 6A 
00 FF FF 00 02 10 22 93 00 00 02 00 00 02 05 BD 0C 00 00 02 05 FF FC 69 
00 FF FF 00 02 10 22 93 00 00 02 00 00 02 05 BE 0C 00 00 01 8B FF FC 69 
00 FF FF 00 02 10 22 93 00 00 02 00 00 02 05 BF 0C 00 00 00 EE FF FE 69 
00 FF FF 00 02 10 22 93 00 00 02 00 00 02 05 C0 0C 00 00 01 1F FF FE 68 
00 FF FF 00 02 10 22 93 00 00 02 00 00 02 05 C3 0C 00 00 01 7F FF FC 69 
00 FF FF 00 02 10 22 93 00 00 02 00 00 02 05 C4 0C 00 00 01 77 FF FB 6A 
00 FF FF 00 02 10 22 93 00 00 02 00 00 02 05 C5 0C 00 00 03 A0 FF FC 6A 
00 FF FF 00 02 10 22 93 00 00 02 00 00 02 05 C6 0C 00 00 01 8E FF FC 69 
00 FF FF 00 02 10 22 93 00 00 02 00 00 02 05 C7 0C 00 00 01 19 FF FB 6A 
00 FF FF 00 02 10 22 93 00 00 02 00 00 02 05 C8 0C 00 00 02 9A FF FD 69 
00 FF FF 00 02 10 22 93 00 00 02 00 00 02 05 CA 0C 00 00 01 45 FF FC 66 
00 FF FF 00 02 10 22 93 00 00 02 00 00 02 05 CB 0C 00 00 02 47 FF FC 6B 
00 FF FF 00 02 10 22 93 00 00 02 00 00 02 05 CC 0C 00 00 01 55 FF FD 68 
00 FF FF 00 02 10 22 93 00 00 02 00 00 02 05 CD 0C 00 00 04 2A FF FE 6B 
00 FF FF 00 02 10 22 93 00 00 02 00 00 02 05 CE 0C 00 00 02 C4 FF FC 6A 
00 FF FF 00 02 10 22 93 00 00 02 00 00 02 05 CF 0C 00 00 01 7B FF FC 67 
00 FF FF 00 02 10 22 93 00 00 02 00 00 02 05 D0 0C 00 00 03 64 FF FE 6A 
00 FF FF 00 02 10 22 93 00 00 02 00 00 02 05 D1 0C 00 00 02 30 FF FC 69 
00 FF FF 00 02 10 22 93 00 00 02 00 00 02 05 D2 0C 00 00 01 F9 FF FC 69 
00 FF FF 00 02 10 22 93 00 00 02 00 00 02 05 D3 0C 00 00 01 6D FF FC 68 
00 FF FF 00 02 10 22 93 00 00 02 00 00 02 05 D4 0C 00 00 03 43 FF FC 69 
00 FF FF 00 02 10 22 93 00 00 02 00 00 02 05 D5 0C 00 00 01 A5 FF FC 64 
00 FF FF 00 02 10 22 93 00 00 02 00 00 02 05 D6 0C 00 00 02 26 FF FE 6B 
00 FF FF 00 02 10 22 93 00 00 02 00 00 02 05 D7 0C 00 00 02 13 FF FC 6A 
00 FF FF 00 02 10 22 93 00 00 02 00 00 02 05 D8 0C 00 00 01 82 FF FC 6A 
00 FF FF 00 02 10 22 93 00 00 02 00 00 02 05 D9 0C 00 00 03 65 FF FE 69 
00 FF FF 00 02 10 22 93 00 00 02 00 00 02 05 DA 0C 00 00 01 24 FF FE 69 
00 FF FF 00 02 10 22 93 00 00 02 00 00 02 05 DB 0C 00 00 01 F3 FF FC 68 
00 FF FF 00 02 10 22 93 00 00 02 00 00 02 05 DC 0C 00 00 01 43 FF FE 6A 
00 FF FF 00 02 10 22 93 00 00 02 00 00 02 05 DD 0C 00 00 02 21 FF FC 6B 
00 FF FF 00 02 10 22 93 00 00 02 00 00 02 05 DF 0C 00 00 04 B6 FF FC 68 
00 FF FF 00 02 10 22 93 00 00 02 00 00 02 05 E0 0C 00 00 05 79 FF FE 69 
00 FF FF 00 02 10 22 93 00 00 02 00 00 02 05 E1 0C 00 00 02 25 FF FB 69 
00 FF FF 00 02 10 22 93 00 00 02 00 00 02 05 E2 0C 00 00 02 DB FF FA 6A 
00 FF FF 00 02 10 22 93 00 00 02 00 00 02 05 E3 0C 00 00 02 1B FF FB 6A 
00 FF FF 00 02 10 22 93 00 00 02 00 00 02 05 E4 0C 00 00 01 0C FF FE 6B 
00 FF FF 00 02 10 22 93 00 00 02 00 00 02 05 E5 0C 00 00 01 67 FF FB 6A 
00 FF FF 00 02 10 22 93 00 00 02 00 00 02 05 E6 0C 00 00 03 6A FF FD 6A 
00 FF FF 00 02 10 22 93 00 00 02 00 00 02 05 E7 0C 00 00 03 AE FF FA 6A 
00 FF FF 00 02 10 22 93 00 00 02 00 00 02 05 E9 0C 00 00 02 18 FF EF 6A 
00 FF FF 00 02 10 22 93 00 00 02 00 00 02 05 EA 0C 00 00 01 C7 FF FE 6B 
00 FF FF 00 02 10 22 93 00 00 02 00 00 02 05 EB 0C 00 00 02 77 FF FC 69 
00 FF FF 00 02 10 22 93 00 00 02 00 00 02 05 ED 0C 00 00 03 26 FF F5 69 
00 FF FF 00 02 10 22 93 00 00 02 00 00 02 05 EE 0C 00 00 03 3B FF F5 6A 
00 FF FF 00 02 10 22 93 00 00 02 00 00 02 05 F1 0C 00 00 01 39 FF F2 6A 
00 FF FF 00 02 10 22 93 00 00 02 00 00 02 05 F3 0C 00 00 02 95 FF F5 69 
00 FF FF 00 02 10 22 93 00 00 02 00 00 02 05 F4 0C 00 00 01 AD FF F5 69 
00 FF FF 00 02 10 22 93 00 00 02 00 00 02 05 F5 0C 00 00 02 7D FF F5 6A 
00 FF FF 00 02 10 22 93 00 00 02 00 00 02 05 F6 0C 00 00 03 2A FF EF 6A 
