00 FF FF 00 02 10 22 93 00 00 02 00 00 02 0F 96 0C 00 00 09 8C 00 0E 6B 
00 FF FF 00 02 10 22 93 00 00 02 00 00 02 0F 97 0C 00 00 01 7A 00 0E 69 
00 FF FF 00 02 10 22 93 00 00 02 00 00 02 0F 98 0C 00 00 01 37 00 0E 69 
00 FF FF 00 02 10 22 93 00 00 02 00 00 02 0F 99 0C 00 00 00 E5 00 0E 6B 
00 FF FF 00 02 10 22 93 00 00 02 00 00 02 0F 9B 0C 00 00 0C 0C 00 0E 6A 
00 FF FF 00 02 10 22 93 00 00 02 00 00 02 0F 9C 0C 00 00 06 07 00 0E 6A 
00 FF FF 00 02 10 22 93 00 00 02 00 00 02 0F 9D 0C 00 00 00 91 00 0E 68 
00 FF FF 00 02 10 22 93 00 00 02 00 00 02 0F 9E 0C 00 00 01 82 00 0D 6B 
00 FF FF 00 02 10 22 93 00 00 02 00 00 02 0F 9F 0C 00 00 07 FC 00 0C 69 
00 FF FF 00 02 10 22 93 00 00 02 00 00 02 0F A0 0C 00 00 0B 27 00 0D 6B 
00 FF FF 00 02 10 22 93 00 00 02 00 00 02 0F A1 0C 00 00 05 83 00 0C 6B 
00 FF FF 00 02 10 22 93 00 00 02 00 00 02 0F A2 0C 00 00 06 A1 00 0C 6B 
00 FF FF 00 02 10 22 93 00 00 02 00 00 02 0F A3 0C 00 00 06 78 00 0C 6A 
00 FF FF 00 02 10 22 93 00 00 02 00 00 02 0F A4 0C 00 00 02 D7 00 0A 69 
00 FF FF 00 02 10 22 93 00 00 02 00 00 02 0F A5 0C 00 00 01 88 00 0E 6C 
00 FF FF 00 02 10 22 93 00 00 02 00 00 02 0F A6 0C 00 00 02 5D 00 0E 6A 
00 FF FF 00 02 10 22 93 00 00 02 00 00 02 0F A7 0C 00 00 05 F5 00 0D 6B 
00 FF FF 00 02 10 22 93 00 00 02 00 00 02 0F A8 0C 00 00 04 07 00 0E 6B 
00 FF FF 00 02 10 22 93 00 00 02 00 00 02 0F A9 0C 00 00 00 C0 00 0E 6B 
00 FF FF 00 02 10 22 93 00 00 02 00 00 02 0F AA 0C 00 00 02 D5 00 0E 69 
00 FF FF 00 02 10 22 93 00 00 02 00 00 02 0F AB 0C 00 00 02 B9 00 0E 6B 
00 FF FF 00 02 10 22 93 00 00 02 00 00 02 0F AC 0C 00 00 02 F6 00 0E 6B 
00 FF FF 00 02 10 22 93 00 00 02 00 00 02 0F AD 0C 00 00 05 33 00 0E 69 
00 FF FF 00 02 10 22 93 00 00 02 00 00 02 0F AE 0C 00 00 00 91 00 0E 67 
00 FF FF 00 02 10 22 93 00 00 02 00 00 02 0F AF 0C 00 00 03 28 00 0E 6A 
00 FF FF 00 02 10 22 93 00 00 02 00 00 02 0F B0 0C 00 00 04 D7 00 0E 68 
00 FF FF 00 02 10 22 93 00 00 02 00 00 02 0F B1 0C 00 00 01 2E 00 0E 68 
00 FF FF 00 02 10 22 93 00 00 02 00 00 02 0F B2 0C 00 00 01 7D 00 0E 6B 
00 FF FF 00 02 10 22 93 00 00 02 00 00 02 0F B3 0C 00 00 04 21 00 0E 6B 
00 FF FF 00 02 10 22 93 00 00 02 00 00 02 0F B4 0C 00 00 01 D5 00 0F 68 
00 FF FF 00 02 10 22 93 00 00 02 00 00 02 0F B5 0C 00 00 01 67 00 10 68 
00 FF FF 00 02 10 22 93 00 00 02 00 00 02 0F B6 0C 00 00 01 4E 00 10 68 
00 FF FF 00 02 10 22 93 00 00 02 00 00 02 0F B7 0C 00 00 00 99 00 10 6A 
00 FF FF 00 02 10 22 93 00 00 02 00 00 02 0F B8 0C 00 00 00 F1 00 0F 6B 
00 FF FF 00 02 10 22 93 00 00 02 00 00 02 0F B9 0C 00 00 02 B3 00 0F 6B 
00 FF FF 00 02 10 22 93 00 00 02 00 00 02 0F BA 0C 00 00 00 F4 00 10 6B 
00 FF FF 00 02 10 22 93 00 00 02 00 00 02 0F BB 0C 00 00 01 80 00 0F 6B 
00 FF FF 00 02 10 22 93 00 00 02 00 00 02 0F BC 0C 00 00 01 2D 00 0F 68 
00 FF FF 00 02 10 22 93 00 00 02 00 00 02 0F BD 0C 00 00 00 9D 00 10 63 
00 FF FF 00 02 10 22 93 00 00 02 00 00 02 0F BE 0C 00 00 02 24 00 10 6A 
00 FF FF 00 02 10 22 93 00 00 02 00 00 02 0F BF 0C 00 00 00 C4 00 0E 69 
00 FF FF 00 02 10 22 93 00 00 02 00 00 02 0F C0 0C 00 00 01 BA 00 0E 6A 
00 FF FF 00 02 10 22 93 00 00 02 00 00 02 0F C1 0C 00 00 04 55 00 0F 6A 
00 FF FF 00 02 10 22 93 00 00 02 00 00 02 0F C2 0C 00 00 01 4C 00 0D 6B 
00 FF FF 00 02 10 22 93 00 00 02 00 00 02 0F C3 0C 00 00 02 5A 00 0D 6B 
00 FF FF 00 02 10 22 93 00 00 02 00 00 02 0F C4 0C 00 00 02 A1 00 0E 6A 
00 FF FF 00 02 10 22 93 00 00 02 00 00 02 0F C5 0C 00 00 00 7A 00 0D 6B 
00 FF FF 00 02 10 22 93 00 00 02 00 00 02 0F C6 0C 00 00 01 DA 00 0F 6B 
00 FF FF 00 02 10 22 93 00 00 02 00 00 02 0F C7 0C 00 00 01 CF 00 10 6A 
00 FF FF 00 02 10 22 93 00 00 02 00 00 02 0F C8 0C 00 00 01 7E 00 0F 68 
00 FF FF 00 02 10 22 93 00 00 02 00 00 02 0F C9 0C 00 00 01 9B 00 0D 66 
00 FF FF 00 02 10 22 93 00 00 02 00 00 02 0F CA 0C 00 00 01 69 00 0E 65 
00 FF FF 00 02 10 22 93 00 00 02 00 00 02 0F CB 0C 00 00 01 5B 00 0E 69 
00 FF FF 00 02 10 22 93 00 00 02 00 00 02 0F CC 0C 00 00 01 82 00 0E 6B 
00 FF FF 00 02 10 22 93 00 00 02 00 00 02 0F CD 0C 00 00 01 6E 00 0E 6A 
00 FF FF 00 02 10 22 93 00 00 02 00 00 02 0F CE 0C 00 00 02 12 00 0E 6B 
00 FF FF 00 02 10 22 93 00 00 02 00 00 02 0F CF 0C 00 00 02 44 00 0D 6A 
00 FF FF 00 02 10 22 93 00 00 02 00 00 02 0F D0 0C 00 00 01 FE 00 0E 6B 
00 FF FF 00 02 10 22 93 00 00 02 00 00 02 0F D1 0C 00 00 00 C7 00 0F 6A 
00 FF FF 00 02 10 22 93 00 00 02 00 00 02 0F D2 0C 00 00 02 0D 00 0F 69 
00 FF FF 00 02 10 22 93 00 00 02 00 00 02 0F D3 0C 00 00 01 C6 00 0D 6B 
00 FF FF 00 02 10 22 93 00 00 02 00 00 02 0F D4 0C 00 00 01 63 00 0E 69 
00 FF FF 00 02 10 22 93 00 00 02 00 00 02 0F D5 0C 00 00 02 38 00 0E 6A 
00 FF FF 00 02 10 22 93 00 00 02 00 00 02 0F D6 0C 00 00 00 BF 00 0F 69 
00 FF FF 00 02 10 22 93 00 00 02 00 00 02 0F D7 0C 00 00 03 14 00 0E 69 
00 FF FF 00 02 10 22 93 00 00 02 00 00 02 0F D8 0C 00 00 01 D9 00 0E 6B 
00 FF FF 00 02 10 22 93 00 00 02 00 00 02 0F D9 0C 00 00 01 58 00 10 69 
00 FF FF 00 02 10 22 93 00 00 02 00 00 02 0F DA 0C 00 00 00 F6 00 0D 6A 
00 FF FF 00 02 10 22 93 00 00 02 00 00 02 0F DB 0C 00 00 01 D9 00 0E 69 
00 FF FF 00 02 10 22 93 00 00 02 00 00 02 0F DC 0C 00 00 01 A0 00 0E 6B 
00 FF FF 00 02 10 22 93 00 00 02 00 00 02 0F DD 0C 00 00 00 C9 00 0E 6A 
00 FF FF 00 02 10 22 93 00 00 02 00 00 02 0F DE 0C 00 00 02 27 00 0D 6B 
00 FF FF 00 02 10 22 93 00 00 02 00 00 02 0F DF 0C 00 00 01 3C 00 0E 6B 
00 FF FF 00 02 10 22 93 00 00 02 00 00 02 0F E0 0C 00 00 01 CB 00 0D 69 
00 FF FF 00 02 10 22 93 00 00 02 00 00 02 0F E1 0C 00 00 01 50 00 0E 6B 
00 FF FF 00 02 10 22 93 00 00 02 00 00 02 0F E2 0C 00 00 01 7D 00 0E 69 
00 FF FF 00 02 10 22 93 00 00 02 00 00 02 0F E3 0C 00 00 01 07 00 0E 6A 
00 FF FF 00 02 10 22 93 00 00 02 00 00 02 0F E5 0C 00 00 01 D3 00 0E 6B 
00 FF FF 00 02 10 22 93 00 00 02 00 00 02 0F E6 0C 00 00 00 C9 00 0E 69 
00 FF FF 00 02 10 22 93 00 00 02 00 00 02 0F E7 0C 00 00 01 06 00 0E 6B 
00 FF FF 00 02 10 22 93 00 00 02 00 00 02 0F E8 0C 00 00 00 8F 00 0D 6A 
00 FF FF 00 02 10 22 93 00 00 02 00 00 02 0F E9 0C 00 00 02 45 00 0E 6B 
00 FF FF 00 02 10 22 93 00 00 02 00 00 02 0F EA 0C 00 00 01 13 00 0E 69 
00 FF FF 00 02 10 22 93 00 00 02 00 00 02 0F EB 0C 00 00 00 90 00 0E 68 
00 FF FF 00 02 10 22 93 00 00 02 00 00 02 0F EC 0C 00 00 01 4F 00 0E 65 
00 FF FF 00 02 10 22 93 00 00 02 00 00 02 0F ED 0C 00 00 01 48 00 0D 68 
00 FF FF 00 02 10 22 93 00 00 02 00 00 02 0F EE 0C 00 00 01 FC 00 10 64 
00 FF FF 00 02 10 22 93 00 00 02 00 00 02 0F EF 0C 00 00 00 C8 00 0B 6B 
00 FF FF 00 02 10 22 93 00 00 02 00 00 02 0F F0 0C 00 00 00 F2 00 05 67 
00 FF FF 00 02 10 22 93 00 00 02 00 00 02 0F F1 0C 00 00 01 4F 00 08 66 
00 FF FF 00 02 10 22 93 00 00 02 00 00 02 0F F2 0C 00 00 01 6F 00 08 67 
00 FF FF 00 02 10 22 93 00 00 02 00 00 02 0F F4 0C 00 00 00 BB 00 08 6A 
00 FF FF 00 02 10 22 93 00 00 02 00 00 02 0F F6 0C 00 00 01 B7 FF F0 6B 
00 FF FF 00 02 10 22 93 00 00 02 00 00 02 0F F7 0C 00 00 01 AE FF F6 69 
00 FF FF 00 02 10 22 93 00 00 02 00 00 02 0F F8 0C 00 00 01 1A 00 06 6A 
00 FF FF 00 02 10 22 93 00 00 02 00 00 02 0F F9 0C 00 00 01 8A 00 02 69 
00 FF FF 00 02 10 22 93 00 00 02 00 00 02 0F FA 0C 00 00 00 D4 00 00 68 
00 FF FF 00 02 10 22 93 00 00 02 00 00 02 0F FB 0C 00 00 01 D4 FF F5 69 
00 FF FF 00 02 10 22 93 00 00 02 00 00 02 0F FC 0C 00 00 02 36 FF F7 6B 
00 FF FF 00 02 10 22 93 00 00 02 00 00 02 0F FD 0C 00 00 02 40 00 04 6A 
00 FF FF 00 02 10 22 93 00 00 02 00 00 02 0F FE 0C 00 00 01 CF 00 06 68 
00 FF FF 00 02 10 22 93 00 00 02 00 00 02 0F FF 0C 00 00 00 CB 00 02 6A 
00 FF FF 00 02 10 22 93 00 00 02 00 00 02 10 00 0C 00 00 01 2D FF F5 69 
00 FF FF 00 02 10 22 93 00 00 02 00 00 02 10 01 0C 00 00 02 77 FF F9 69 
00 FF FF 00 02 10 22 93 00 00 02 00 00 02 10 04 0C 00 00 02 33 FF FA 6A 
00 FF FF 00 02 10 22 93 00 00 02 00 00 02 10 05 0C 00 00 00 AA FF FC 68 
00 FF FF 00 02 10 22 93 00 00 02 00 00 02 10 06 0C 00 00 03 D2 FF FC 69 
00 FF FF 00 02 10 22 93 00 00 02 00 00 02 10 07 0C 00 00 01 9D FF F4 6B 
00 FF FF 00 02 10 22 93 00 00 02 00 00 02 10 08 0C 00 00 01 45 FF F1 68 
00 FF FF 00 02 10 22 93 00 00 02 00 00 02 10 0B 0C 00 00 01 F7 FF F4 69 
00 FF FF 00 02 10 22 93 00 00 02 00 00 02 10 0C 0C 00 00 01 EE FF F5 6B 
00 FF FF 00 02 10 22 93 00 00 02 00 00 02 10 0D 0C 00 00 01 30 FF FE 67 
00 FF FF 00 02 10 22 93 00 00 02 00 00 02 10 0E 0C 00 00 00 B2 FF F3 6A 
00 FF FF 00 02 10 22 93 00 00 02 00 00 02 10 0F 0C 00 00 02 69 FF F6 69 
00 FF FF 00 02 10 22 93 00 00 02 00 00 02 10 10 0C 00 00 02 1E FF EF 5A 
00 FF FF 00 02 10 22 93 00 00 02 00 00 02 10 11 0C 00 00 00 A8 FF F3 6B 
00 FF FF 00 02 10 22 93 00 00 02 00 00 02 10 12 0C 00 00 00 BA FF F8 69 
00 FF FF 00 02 10 22 93 00 00 02 00 00 02 10 13 0C 00 00 01 15 FF F5 6B 
00 FF FF 00 02 10 22 93 00 00 02 00 00 02 10 14 0C 00 00 01 00 FF FA 69 
00 FF FF 00 02 10 22 93 00 00 02 00 00 02 10 16 0C 00 00 00 F7 FF F4 68 
00 FF FF 00 02 10 22 93 00 00 02 00 00 02 10 17 0C 00 00 01 E2 FF F7 6A 
00 FF FF 00 02 10 22 93 00 00 02 00 00 02 10 1B 0C 00 00 02 D6 FF F3 69 
00 FF FF 00 02 10 22 93 00 00 02 00 00 02 10 1C 0C 00 00 01 2C FF F6 67 
00 FF FF 00 02 10 22 93 00 00 02 00 00 02 10 1D 0C 00 00 00 8D FF F4 68 
00 FF FF 00 02 10 22 93 00 00 02 00 00 02 10 1F 0C 00 00 00 6F FF F6 68 
00 FF FF 00 02 10 22 93 00 00 02 00 00 02 10 21 0C 00 00 01 77 FF F8 67 
00 FF FF 00 02 10 22 93 00 00 02 00 00 02 10 22 0C 00 00 01 1B FF F4 69 
00 FF FF 00 02 10 22 93 00 00 02 00 00 02 10 24 0C 00 00 01 5E FF F7 69 
00 FF FF 00 02 10 22 93 00 00 02 00 00 02 10 26 0C 00 00 01 4A FF F7 6B 
00 FF FF 00 02 10 22 93 00 00 02 00 00 02 10 27 0C 00 00 01 B2 FF F5 6B 
00 FF FF 00 02 10 22 93 00 00 02 00 00 02 10 28 0C 00 00 05 27 FF F6 67 
00 FF FF 00 02 10 22 93 00 00 02 00 00 02 10 2A 0C 00 00 00 A5 FF F5 69 
00 FF FF 00 02 10 22 93 00 00 02 00 00 02 10 2D 0C 00 00 00 F6 FF F4 6A 
00 FF FF 00 02 10 22 93 00 00 02 00 00 02 10 2E 0C 00 00 01 BB FF F6 6B 
00 FF FF 00 02 10 22 93 00 00 02 00 00 02 10 2F 0C 00 00 02 1B FF F8 68 
00 FF FF 00 02 10 22 93 00 00 02 00 00 02 10 30 0C 00 00 00 CF FF F7 6A 
00 FF FF 00 02 10 22 93 00 00 02 00 00 02 10 32 0C 00 00 01 F1 FF F8 6A 
00 FF FF 00 02 10 22 93 00 00 02 00 00 02 10 33 0C 00 00 01 2C FF F8 66 
00 FF FF 00 02 10 22 93 00 00 02 00 00 02 10 34 0C 00 00 01 1A FF F8 6B 
00 FF FF 00 02 10 22 93 00 00 02 00 00 02 10 35 0C 00 00 00 E5 FF F8 69 
00 FF FF 00 02 10 22 93 00 00 02 00 00 02 10 37 0C 00 00 01 43 FF F5 64 
00 FF FF 00 02 10 22 93 00 00 02 00 00 02 10 38 0C 00 00 01 3F FF F5 6A 
00 FF FF 00 02 10 22 93 00 00 02 00 00 02 10 3B 0C 00 00 01 45 FF F9 64 
00 FF FF 00 02 10 22 93 00 00 02 00 00 02 10 3D 0C 00 00 01 B0 FF F4 6B 
00 FF FF 00 02 10 22 93 00 00 02 00 00 02 10 3E 0C 00 00 01 58 FF F1 6B 
00 FF FF 00 02 10 22 93 00 00 02 00 00 02 10 3F 0C 00 00 01 99 FF F5 6A 
00 FF FF 00 02 10 22 93 00 00 02 00 00 02 10 41 0C 00 00 00 D6 FF FB 68 
00 FF FF 00 02 10 22 93 00 00 02 00 00 02 10 42 0C 00 00 01 9D FF FA 68 
00 FF FF 00 02 10 22 93 00 00 02 00 00 02 10 43 0C 00 00 01 BB FF F8 6A 
00 FF FF 00 02 10 22 93 00 00 02 00 00 02 10 44 0C 00 00 00 E1 FF F4 6A 
00 FF FF 00 02 10 22 93 00 00 02 00 00 02 10 45 0C 00 00 02 94 FF F8 69 
00 FF FF 00 02 10 22 93 00 00 02 00 00 02 10 49 0C 00 00 01 6E FF F8 69 
00 FF FF 00 02 10 22 93 00 00 02 00 00 02 10 4A 0C 00 00 00 99 FF F7 6B 
00 FF FF 00 02 10 22 93 00 00 02 00 00 02 10 4C 0C 00 00 02 40 FF F8 6A 
00 FF FF 00 02 10 22 93 00 00 02 00 00 02 10 4E 0C 00 00 01 9E FF F4 61 
00 FF FF 00 02 10 22 93 00 00 02 00 00 02 10 4F 0C 00 00 02 EC FF F2 6A 
00 FF FF 00 02 10 22 93 00 00 02 00 00 02 10 50 0C 00 00 01 C1 FF EF 6B 
00 FF FF 00 02 10 22 93 00 00 02 00 00 02 10 52 0C 00 00 01 ED 00 00 6A 
00 FF FF 00 02 10 22 93 00 00 02 00 00 02 10 53 0C 00 00 01 8C 00 00 68 
00 FF FF 00 02 10 22 93 00 00 02 00 00 02 10 54 0C 00 00 01 03 FF FD 68 
00 FF FF 00 02 10 22 93 00 00 02 00 00 02 10 55 0C 00 00 01 6D FF F8 6A 
00 FF FF 00 02 10 22 93 00 00 02 00 00 02 10 56 0C 00 00 01 C5 FF F2 69 
00 FF FF 00 02 10 22 93 00 00 02 00 00 02 10 57 0C 00 00 01 90 FF F9 69 
00 FF FF 00 02 10 22 93 00 00 02 00 00 02 10 58 0C 00 00 00 A4 FF F8 69 
00 FF FF 00 02 10 22 93 00 00 02 00 00 02 10 59 0C 00 00 01 21 FF FE 6A 
00 FF FF 00 02 10 22 93 00 00 02 00 00 02 10 5A 0C 00 00 00 DF 00 00 67 
00 FF FF 00 02 10 22 93 00 00 02 00 00 02 10 5B 0C 00 00 00 E4 FF FE 6B 
00 FF FF 00 02 10 22 93 00 00 02 00 00 02 10 5C 0C 00 00 02 5A FF F8 6A 
00 FF FF 00 02 10 22 93 00 00 02 00 00 02 10 5D 0C 00 00 00 AE FF F9 68 
00 FF FF 00 02 10 22 93 00 00 02 00 00 02 10 5E 0C 00 00 03 75 00 02 69 
00 FF FF 00 02 10 22 93 00 00 02 00 00 02 10 5F 0C 00 00 00 A6 FF FF 6B 
00 FF FF 00 02 10 22 93 00 00 02 00 00 02 10 60 0C 00 00 01 96 FF FC 69 
00 FF FF 00 02 10 22 93 00 00 02 00 00 02 10 61 0C 00 00 01 5E FF FE 6C 
00 FF FF 00 02 10 22 93 00 00 02 00 00 02 10 62 0C 00 00 00 A4 00 00 6A 
00 FF FF 00 02 10 22 93 00 00 02 00 00 02 10 63 0C 00 00 01 AC FF FD 6A 
00 FF FF 00 02 10 22 93 00 00 02 00 00 02 10 65 0C 00 00 01 31 FF FC 6B 
00 FF FF 00 02 10 22 93 00 00 02 00 00 02 10 67 0C 00 00 01 75 FF FB 69 
00 FF FF 00 02 10 22 93 00 00 02 00 00 02 10 68 0C 00 00 01 91 FF F8 6B 
00 FF FF 00 02 10 22 93 00 00 02 00 00 02 10 69 0C 00 00 01 5C FF FA 6B 
00 FF FF 00 02 10 22 93 00 00 02 00 00 02 10 6A 0C 00 00 00 E1 FF F7 69 
00 FF FF 00 02 10 22 93 00 00 02 00 00 02 10 6B 0C 00 00 01 A3 FF F9 69 
00 FF FF 00 02 10 22 93 00 00 02 00 00 02 10 6C 0C 00 00 02 36 FF FB 6A 
00 FF FF 00 02 10 22 93 00 00 02 00 00 02 10 6D 0C 00 00 00 A6 FF FA 6A 
00 FF FF 00 02 10 22 93 00 00 02 00 00 02 10 6E 0C 00 00 02 1E FF F8 6B 
00 FF FF 00 02 10 22 93 00 00 02 00 00 02 10 6F 0C 00 00 01 5D FF F8 6B 
00 FF FF 00 02 10 22 93 00 00 02 00 00 02 10 70 0C 00 00 00 A6 FF F8 69 
00 FF FF 00 02 10 22 93 00 00 02 00 00 02 10 71 0C 00 00 01 BD FF F8 6B 
00 FF FF 00 02 10 22 93 00 00 02 00 00 02 10 72 0C 00 00 00 F4 FF F8 6A 
00 FF FF 00 02 10 22 93 00 00 02 00 00 02 10 73 0C 00 00 01 7E FF F8 69 
00 FF FF 00 02 10 22 93 00 00 02 00 00 02 10 74 0C 00 00 01 2A FF F8 6B 
00 FF FF 00 02 10 22 93 00 00 02 00 00 02 10 76 0C 00 00 01 C6 FF F7 68 
00 FF FF 00 02 10 22 93 00 00 02 00 00 02 10 77 0C 00 00 01 0E FF F8 6A 
00 FF FF 00 02 10 22 93 00 00 02 00 00 02 10 78 0C 00 00 01 77 FF F7 6A 
00 FF FF 00 02 10 22 93 00 00 02 00 00 02 10 7A 0C 00 00 01 E6 FF F9 69 
00 FF FF 00 02 10 22 93 00 00 02 00 00 02 10 7B 0C 00 00 00 F0 FF F7 69 
00 FF FF 00 02 10 22 93 00 00 02 00 00 02 10 7C 0C 00 00 01 AB FF F8 69 
00 FF FF 00 02 10 22 93 00 00 02 00 00 02 10 7D 0C 00 00 00 CC FF F7 6B 
00 FF FF 00 02 10 22 93 00 00 02 00 00 02 10 7E 0C 00 00 00 F4 FF FA 6B 
00 FF FF 00 02 10 22 93 00 00 02 00 00 02 10 80 0C 00 00 01 4E FF FA 68 
00 FF FF 00 02 10 22 93 00 00 02 00 00 02 10 81 0C 00 00 01 0A FF F6 6B 
00 FF FF 00 02 10 22 93 00 00 02 00 00 02 10 82 0C 00 00 00 DC FF F7 69 
00 FF FF 00 02 10 22 93 00 00 02 00 00 02 10 83 0C 00 00 03 5A FF F8 6B 
00 FF FF 00 02 10 22 93 00 00 02 00 00 02 10 84 0C 00 00 01 83 FF F8 6A 
00 FF FF 00 02 10 22 93 00 00 02 00 00 02 10 85 0C 00 00 00 E8 FF F8 69 
00 FF FF 00 02 10 22 93 00 00 02 00 00 02 10 86 0C 00 00 01 41 FF F8 67 
00 FF FF 00 02 10 22 93 00 00 02 00 00 02 10 87 0C 00 00 03 4E FF F9 68 
00 FF FF 00 02 10 22 93 00 00 02 00 00 02 10 88 0C 00 00 02 0C FF F9 68 
00 FF FF 00 02 10 22 93 00 00 02 00 00 02 10 89 0C 00 00 02 02 FF F9 6A 
00 FF FF 00 02 10 22 93 00 00 02 00 00 02 10 8A 0C 00 00 02 4F 00 00 6A 
00 FF FF 00 02 10 22 93 00 00 02 00 00 02 10 8B 0C 00 00 03 1F FF F1 6B 
00 FF FF 00 02 10 22 93 00 00 02 00 00 02 10 8C 0C 00 00 02 72 00 00 6B 
00 FF FF 00 02 10 22 93 00 00 02 00 00 02 10 8D 0C 00 00 01 8C 00 00 67 
00 FF FF 00 02 10 22 93 00 00 02 00 00 02 10 8E 0C 00 00 01 CE FF FF 69 
00 FF FF 00 02 10 22 93 00 00 02 00 00 02 10 8F 0C 00 00 01 87 FF F6 69 
00 FF FF 00 02 10 22 93 00 00 02 00 00 02 10 90 0C 00 00 02 CC FF F1 6A 
00 FF FF 00 02 10 22 93 00 00 02 00 00 02 10 91 0C 00 00 02 6F FF F1 6B 
00 FF FF 00 02 10 22 93 00 00 02 00 00 02 10 94 0C 00 00 01 09 FF F7 6B 
00 FF FF 00 02 10 22 93 00 00 02 00 00 02 10 95 0C 00 00 00 AD FF F6 6A 
00 FF FF 00 02 10 22 93 00 00 02 00 00 02 10 96 0C 00 00 00 C9 FF F7 6A 
00 FF FF 00 02 10 22 93 00 00 02 00 00 02 10 98 0C 00 00 00 BD FF F7 6B 
00 FF FF 00 02 10 22 93 00 00 02 00 00 02 10 9A 0C 00 00 02 0B FF F6 67 
00 FF FF 00 02 10 22 93 00 00 02 00 00 02 10 9B 0C 00 00 01 46 FF FA 68 
00 FF FF 00 02 10 22 93 00 00 02 00 00 02 10 9C 0C 00 00 00 DF FF FA 68 
00 FF FF 00 02 10 22 93 00 00 02 00 00 02 10 9D 0C 00 00 00 E4 FF F8 6C 
00 FF FF 00 02 10 22 93 00 00 02 00 00 02 10 9E 0C 00 00 00 86 FF F4 6A 
00 FF FF 00 02 10 22 93 00 00 02 00 00 02 10 9F 0C 00 00 01 9F FF F6 68 
00 FF FF 00 02 10 22 93 00 00 02 00 00 02 10 A0 0C 00 00 01 62 FF F7 6A 
00 FF FF 00 02 10 22 93 00 00 02 00 00 02 10 A1 0C 00 00 00 D2 FF F8 6A 
00 FF FF 00 02 10 22 93 00 00 02 00 00 02 10 A2 0C 00 00 01 F7 FF F5 68 
00 FF FF 00 02 10 22 93 00 00 02 00 00 02 10 A3 0C 00 00 00 A3 FF F3 65 
00 FF FF 00 02 10 22 93 00 00 02 00 00 02 10 A4 0C 00 00 00 7F FF F3 69 
00 FF FF 00 02 10 22 93 00 00 02 00 00 02 10 A6 0C 00 00 00 C6 FF F6 68 
00 FF FF 00 02 10 22 93 00 00 02 00 00 02 10 A7 0C 00 00 00 D7 FF F6 68 
00 FF FF 00 02 10 22 93 00 00 02 00 00 02 10 A8 0C 00 00 00 BF FF F6 6A 
00 FF FF 00 02 10 22 93 00 00 02 00 00 02 10 AB 0C 00 00 00 FB FF F8 6A 
00 FF FF 00 02 10 22 93 00 00 02 00 00 02 10 AC 0C 00 00 00 93 FF F6 69 
00 FF FF 00 02 10 22 93 00 00 02 00 00 02 10 AE 0C 00 00 00 E2 FF F8 6A 
00 FF FF 00 02 10 22 93 00 00 02 00 00 02 10 B0 0C 00 00 01 5C FF F8 67 
00 FF FF 00 02 10 22 93 00 00 02 00 00 02 10 B1 0C 00 00 02 4E FF F7 6B 
00 FF FF 00 02 10 22 93 00 00 02 00 00 02 10 B2 0C 00 00 01 71 FF F7 67 
00 FF FF 00 02 10 22 93 00 00 02 00 00 02 10 B3 0C 00 00 02 8D FF F8 68 
00 FF FF 00 02 10 22 93 00 00 02 00 00 02 10 B4 0C 00 00 00 F9 FF F8 68 
00 FF FF 00 02 10 22 93 00 00 02 00 00 02 10 B5 0C 00 00 00 6D FF F9 68 
00 FF FF 00 02 10 22 93 00 00 02 00 00 02 10 B7 0C 00 00 02 80 FF F9 6A 
00 FF FF 00 02 10 22 93 00 00 02 00 00 02 10 B8 0C 00 00 02 43 FF F8 6B 
00 FF FF 00 02 10 22 93 00 00 02 00 00 02 10 B9 0C 00 00 00 8F FF F8 6A 
00 FF FF 00 02 10 22 93 00 00 02 00 00 02 10 BA 0C 00 00 00 F6 FF F8 6A 
00 FF FF 00 02 10 22 93 00 00 02 00 00 02 10 BB 0C 00 00 01 B4 FF F7 68 
00 FF FF 00 02 10 22 93 00 00 02 00 00 02 10 BE 0C 00 00 00 88 FF F7 68 
00 FF FF 00 02 10 22 93 00 00 02 00 00 02 10 BF 0C 00 00 01 47 FF F6 69 
00 FF FF 00 02 10 22 93 00 00 02 00 00 02 10 C0 0C 00 00 01 8F FF F8 6B 
00 FF FF 00 02 10 22 93 00 00 02 00 00 02 10 C1 0C 00 00 02 36 FF F8 6B 
00 FF FF 00 02 10 22 93 00 00 02 00 00 02 10 C2 0C 00 00 01 D8 FF F7 67 
00 FF FF 00 02 10 22 93 00 00 02 00 00 02 10 C3 0C 00 00 00 C7 FF F8 68 
00 FF FF 00 02 10 22 93 00 00 02 00 00 02 10 C4 0C 00 00 00 99 FF F8 6B 
00 FF FF 00 02 10 22 93 00 00 02 00 00 02 10 C5 0C 00 00 00 9C FF F7 69 
00 FF FF 00 02 10 22 93 00 00 02 00 00 02 10 C7 0C 00 00 02 26 FF F8 6A 
00 FF FF 00 02 10 22 93 00 00 02 00 00 02 10 C9 0C 00 00 00 6F FF F8 6A 
00 FF FF 00 02 10 22 93 00 00 02 00 00 02 10 CA 0C 00 00 00 FB FF F8 69 
00 FF FF 00 02 10 22 93 00 00 02 00 00 02 10 CB 0C 00 00 02 38 FF F7 6B 
00 FF FF 00 02 10 22 93 00 00 02 00 00 02 10 CC 0C 00 00 00 9E FF F8 6B 
00 FF FF 00 02 10 22 93 00 00 02 00 00 02 10 CD 0C 00 00 01 53 FF F7 69 
00 FF FF 00 02 10 22 93 00 00 02 00 00 02 10 CE 0C 00 00 00 FC FF F8 68 
00 FF FF 00 02 10 22 93 00 00 02 00 00 02 10 CF 0C 00 00 01 35 FF F8 6B 
00 FF FF 00 02 10 22 93 00 00 02 00 00 02 10 D0 0C 00 00 00 88 FF F6 6B 
00 FF FF 00 02 10 22 93 00 00 02 00 00 02 10 D1 0C 00 00 00 85 FF F6 6A 
00 FF FF 00 02 10 22 93 00 00 02 00 00 02 10 D2 0C 00 00 01 0F FF F8 6A 
00 FF FF 00 02 10 22 93 00 00 02 00 00 02 10 D3 0C 00 00 00 AA FF F8 6B 
00 FF FF 00 02 10 22 93 00 00 02 00 00 02 10 D4 0C 00 00 00 A9 FF F7 67 
00 FF FF 00 02 10 22 93 00 00 02 00 00 02 10 D6 0C 00 00 00 BF FF F8 6A 
00 FF FF 00 02 10 22 93 00 00 02 00 00 02 10 D7 0C 00 00 01 62 FF F7 6B 
00 FF FF 00 02 10 22 93 00 00 02 00 00 02 10 D8 0C 00 00 00 FC FF F9 66 
00 FF FF 00 02 10 22 93 00 00 02 00 00 02 10 D9 0C 00 00 01 40 FF F8 6B 
00 FF FF 00 02 10 22 93 00 00 02 00 00 02 10 DA 0C 00 00 00 6A FF F8 6A 
00 FF FF 00 02 10 22 93 00 00 02 00 00 02 10 DB 0C 00 00 01 0D FF F8 6A 
00 FF FF 00 02 10 22 93 00 00 02 00 00 02 10 DD 0C 00 00 00 8D FF F8 65 
00 FF FF 00 02 10 22 93 00 00 02 00 00 02 10 DE 0C 00 00 00 67 FF F9 65 
00 FF FF 00 02 10 22 93 00 00 02 00 00 02 10 DF 0C 00 00 00 BB FF F9 6B 
00 FF FF 00 02 10 22 93 00 00 02 00 00 02 10 E0 0C 00 00 01 06 FF F8 67 
00 FF FF 00 02 10 22 93 00 00 02 00 00 02 10 E1 0C 00 00 00 89 FF F8 6B 
00 FF FF 00 02 10 22 93 00 00 02 00 00 02 10 E2 0C 00 00 00 7D FF F8 6A 
00 FF FF 00 02 10 22 93 00 00 02 00 00 02 10 E3 0C 00 00 00 87 FF F8 69 
00 FF FF 00 02 10 22 93 00 00 02 00 00 02 10 E4 0C 00 00 01 97 FF F8 69 
00 FF FF 00 02 10 22 93 00 00 02 00 00 02 10 E5 0C 00 00 01 08 FF F7 69 
00 FF FF 00 02 10 22 93 00 00 02 00 00 02 10 E6 0C 00 00 01 25 FF F8 6A 
00 FF FF 00 02 10 22 93 00 00 02 00 00 02 10 E7 0C 00 00 01 1A FF FA 67 
00 FF FF 00 02 10 22 93 00 00 02 00 00 02 10 E9 0C 00 00 01 32 FF F8 69 
00 FF FF 00 02 10 22 93 00 00 02 00 00 02 10 EB 0C 00 00 00 80 FF F9 68 
00 FF FF 00 02 10 22 93 00 00 02 00 00 02 10 EC 0C 00 00 00 84 FF F6 69 
00 FF FF 00 02 10 22 93 00 00 02 00 00 02 10 ED 0C 00 00 01 1E FF F8 66 
00 FF FF 00 02 10 22 93 00 00 02 00 00 02 10 EE 0C 00 00 00 C4 FF F5 6A 
00 FF FF 00 02 10 22 93 00 00 02 00 00 02 10 EF 0C 00 00 01 92 FF F7 68 
00 FF FF 00 02 10 22 93 00 00 02 00 00 02 10 F0 0C 00 00 04 0B FF F6 6B 
00 FF FF 00 02 10 22 93 00 00 02 00 00 02 10 F1 0C 00 00 01 23 FF F7 6B 
00 FF FF 00 02 10 22 93 00 00 02 00 00 02 10 F2 0C 00 00 01 2E FF F9 6A 
00 FF FF 00 02 10 22 93 00 00 02 00 00 02 10 F3 0C 00 00 01 46 FF F5 69 
00 FF FF 00 02 10 22 93 00 00 02 00 00 02 10 F4 0C 00 00 01 AC FF F8 69 
00 FF FF 00 02 10 22 93 00 00 02 00 00 02 10 F5 0C 00 00 00 B7 FF FA 67 
00 FF FF 00 02 10 22 93 00 00 02 00 00 02 10 F6 0C 00 00 00 B1 FF F6 66 
00 FF FF 00 02 10 22 93 00 00 02 00 00 02 10 F7 0C 00 00 01 36 FF F8 6A 
00 FF FF 00 02 10 22 93 00 00 02 00 00 02 10 F8 0C 00 00 01 5F FF F8 6A 
00 FF FF 00 02 10 22 93 00 00 02 00 00 02 10 F9 0C 00 00 00 FB FF F7 6A 
00 FF FF 00 02 10 22 93 00 00 02 00 00 02 10 FA 0C 00 00 00 85 FF F9 69 
00 FF FF 00 02 10 22 93 00 00 02 00 00 02 10 FB 0C 00 00 00 9B FF F9 6B 
00 FF FF 00 02 10 22 93 00 00 02 00 00 02 10 FC 0C 00 00 00 76 FF EF 6B 
00 FF FF 00 02 10 22 93 00 00 02 00 00 02 10 FD 0C 00 00 00 7C FF E7 69 
00 FF FF 00 02 10 22 93 00 00 02 00 00 02 10 FE 0C 00 00 00 8E FF EA 65 
00 FF FF 00 02 10 22 93 00 00 02 00 00 02 10 FF 0C 00 00 00 E4 FF E5 65 
00 FF FF 00 02 10 22 93 00 00 02 00 00 02 11 00 0C 00 00 00 A8 FF EE 6A 
00 FF FF 00 02 10 22 93 00 00 02 00 00 02 11 04 0C 00 00 00 A4 FF F1 6A 
00 FF FF 00 02 10 22 93 00 00 02 00 00 02 11 05 0C 00 00 01 33 FF F3 6A 
00 FF FF 00 02 10 22 93 00 00 02 00 00 02 11 06 0C 00 00 00 65 FF F3 69 
00 FF FF 00 02 10 22 93 00 00 02 00 00 02 11 08 0C 00 00 00 AD FF F7 6B 
00 FF FF 00 02 10 22 93 00 00 02 00 00 02 11 09 0C 00 00 01 FB FF F3 6B 
00 FF FF 00 02 10 22 93 00 00 02 00 00 02 11 0A 0C 00 00 01 DB FF F2 6A 
00 FF FF 00 02 10 22 93 00 00 02 00 00 02 11 0B 0C 00 00 02 27 FF F7 69 
00 FF FF 00 02 10 22 93 00 00 02 00 00 02 11 0C 0C 00 00 01 53 FF F2 6A 
00 FF FF 00 02 10 22 93 00 00 02 00 00 02 11 0D 0C 00 00 00 7F FF F4 69 
00 FF FF 00 02 10 22 93 00 00 02 00 00 02 11 0E 0C 00 00 01 A2 FF F5 6B 
00 FF FF 00 02 10 22 93 00 00 02 00 00 02 11 0F 0C 00 00 00 ED FF F7 6B 
00 FF FF 00 02 10 22 93 00 00 02 00 00 02 11 10 0C 00 00 01 88 FF F6 69 
00 FF FF 00 02 10 22 93 00 00 02 00 00 02 11 12 0C 00 00 00 F6 FF F1 69 
00 FF FF 00 02 10 22 93 00 00 02 00 00 02 11 13 0C 00 00 01 35 FF F3 6A 
00 FF FF 00 02 10 22 93 00 00 02 00 00 02 11 14 0C 00 00 01 02 FF F5 6A 
00 FF FF 00 02 10 22 93 00 00 02 00 00 02 11 15 0C 00 00 00 9F FF F3 6A 
00 FF FF 00 02 10 22 93 00 00 02 00 00 02 11 17 0C 00 00 01 83 FF F6 69 
00 FF FF 00 02 10 22 93 00 00 02 00 00 02 11 18 0C 00 00 00 FF FF F3 69 
00 FF FF 00 02 10 22 93 00 00 02 00 00 02 11 1A 0C 00 00 01 83 FF F3 68 
00 FF FF 00 02 10 22 93 00 00 02 00 00 02 11 1C 0C 00 00 00 78 FF F1 67 
00 FF FF 00 02 10 22 93 00 00 02 00 00 02 11 1D 0C 00 00 00 A6 FF F3 6B 
00 FF FF 00 02 10 22 93 00 00 02 00 00 02 11 1F 0C 00 00 00 A2 FF E4 65 
00 FF FF 00 02 10 22 93 00 00 02 00 00 02 11 24 0C 00 00 01 87 FF F1 6A 
00 FF FF 00 02 10 22 93 00 00 02 00 00 02 11 26 0C 00 00 00 7E FF EE 66 
00 FF FF 00 02 10 22 93 00 00 02 00 00 02 11 27 0C 00 00 01 33 FF F1 66 
00 FF FF 00 02 10 22 93 00 00 02 00 00 02 11 28 0C 00 00 01 8B FF F1 69 
00 FF FF 00 02 10 22 93 00 00 02 00 00 02 11 29 0C 00 00 01 6C FF F5 68 
00 FF FF 00 02 10 22 93 00 00 02 00 00 02 11 2B 0C 00 00 00 B9 FF F1 65 
00 FF FF 00 02 10 22 93 00 00 02 00 00 02 11 2C 0C 00 00 00 C5 FF ED 6A 
00 FF FF 00 02 10 22 93 00 00 02 00 00 02 11 2D 0C 00 00 00 A6 FF EC 6A 
00 FF FF 00 02 10 22 93 00 00 02 00 00 02 11 2F 0C 00 00 00 FC FF EF 6A 
00 FF FF 00 02 10 22 93 00 00 02 00 00 02 11 30 0C 00 00 02 0F FF F7 6B 
00 FF FF 00 02 10 22 93 00 00 02 00 00 02 11 33 0C 00 00 00 71 FF EC 6A 
00 FF FF 00 02 10 22 93 00 00 02 00 00 02 11 36 0C 00 00 00 B7 FF F2 64 
00 FF FF 00 02 10 22 93 00 00 02 00 00 02 11 38 0C 00 00 01 52 FF F1 69 
00 FF FF 00 02 10 22 93 00 00 02 00 00 02 11 39 0C 00 00 00 A7 FF F2 6B 
00 FF FF 00 02 10 22 93 00 00 02 00 00 02 11 3A 0C 00 00 00 B6 FF F2 69 
00 FF FF 00 02 10 22 93 00 00 02 00 00 02 11 3B 0C 00 00 00 DB FF F3 6B 
00 FF FF 00 02 10 22 93 00 00 02 00 00 02 11 3C 0C 00 00 00 C3 FF F5 6A 
00 FF FF 00 02 10 22 93 00 00 02 00 00 02 11 3D 0C 00 00 01 4E FF F3 6B 
00 FF FF 00 02 10 22 93 00 00 02 00 00 02 11 3E 0C 00 00 01 18 FF F2 66 
00 FF FF 00 02 10 22 93 00 00 02 00 00 02 11 3F 0C 00 00 01 11 FF F4 6A 
00 FF FF 00 02 10 22 93 00 00 02 00 00 02 11 40 0C 00 00 01 38 FF F7 66 
00 FF FF 00 02 10 22 93 00 00 02 00 00 02 11 41 0C 00 00 02 49 FF F4 6A 
00 FF FF 00 02 10 22 93 00 00 02 00 00 02 11 43 0C 00 00 01 17 FF F7 6A 
00 FF FF 00 02 10 22 93 00 00 02 00 00 02 11 44 0C 00 00 02 5C FF F7 69 
00 FF FF 00 02 10 22 93 00 00 02 00 00 02 11 45 0C 00 00 01 42 FF F2 6A 
00 FF FF 00 02 10 22 93 00 00 02 00 00 02 11 46 0C 00 00 01 1C FF F7 6C 
00 FF FF 00 02 10 22 93 00 00 02 00 00 02 11 47 0C 00 00 01 40 FF F3 6B 
00 FF FF 00 02 10 22 93 00 00 02 00 00 02 11 48 0C 00 00 01 90 FF F2 69 
00 FF FF 00 02 10 22 93 00 00 02 00 00 02 11 49 0C 00 00 01 7C FF F7 66 
00 FF FF 00 02 10 22 93 00 00 02 00 00 02 11 4A 0C 00 00 01 52 FF F5 65 
00 FF FF 00 02 10 22 93 00 00 02 00 00 02 11 4B 0C 00 00 01 6C FF F3 67 
00 FF FF 00 02 10 22 93 00 00 02 00 00 02 11 4C 0C 00 00 00 FA FF F3 6B 
00 FF FF 00 02 10 22 93 00 00 02 00 00 02 11 4D 0C 00 00 00 70 FF F2 6A 
00 FF FF 00 02 10 22 93 00 00 02 00 00 02 11 4E 0C 00 00 01 9E FF F2 66 
00 FF FF 00 02 10 22 93 00 00 02 00 00 02 11 4F 0C 00 00 00 80 FF F7 69 
00 FF FF 00 02 10 22 93 00 00 02 00 00 02 11 50 0C 00 00 00 B5 FF F2 69 
00 FF FF 00 02 10 22 93 00 00 02 00 00 02 11 51 0C 00 00 01 BF FF F7 6B 
00 FF FF 00 02 10 22 93 00 00 02 00 00 02 11 53 0C 00 00 01 7C FF F1 67 
00 FF FF 00 02 10 22 93 00 00 02 00 00 02 11 55 0C 00 00 00 93 FF F6 6B 
00 FF FF 00 02 10 22 93 00 00 02 00 00 02 11 56 0C 00 00 01 A9 FF F2 68 
00 FF FF 00 02 10 22 93 00 00 02 00 00 02 11 57 0C 00 00 00 E1 FF F7 6C 
00 FF FF 00 02 10 22 93 00 00 02 00 00 02 11 58 0C 00 00 01 25 FF F4 69 
00 FF FF 00 02 10 22 93 00 00 02 00 00 02 11 59 0C 00 00 00 93 FF F3 69 
00 FF FF 00 02 10 22 93 00 00 02 00 00 02 11 5A 0C 00 00 02 79 FF F7 6A 
00 FF FF 00 02 10 22 93 00 00 02 00 00 02 11 5B 0C 00 00 00 C3 FF F7 66 
00 FF FF 00 02 10 22 93 00 00 02 00 00 02 11 5C 0C 00 00 00 D5 FF F4 6B 
00 FF FF 00 02 10 22 93 00 00 02 00 00 02 11 5D 0C 00 00 00 B7 FF F6 6B 
00 FF FF 00 02 10 22 93 00 00 02 00 00 02 11 5E 0C 00 00 01 74 FF EE 6B 
00 FF FF 00 02 10 22 93 00 00 02 00 00 02 11 5F 0C 00 00 00 83 FF EE 68 
00 FF FF 00 02 10 22 93 00 00 02 00 00 02 11 61 0C 00 00 01 2A FF F0 6A 
00 FF FF 00 02 10 22 93 00 00 02 00 00 02 11 63 0C 00 00 00 B7 FF F0 6A 
00 FF FF 00 02 10 22 93 00 00 02 00 00 02 11 64 0C 00 00 02 D6 FF F2 6B 
00 FF FF 00 02 10 22 93 00 00 02 00 00 02 11 65 0C 00 00 00 6A FF F0 68 
00 FF FF 00 02 10 22 93 00 00 02 00 00 02 11 66 0C 00 00 01 D0 FF F7 6B 
00 FF FF 00 02 10 22 93 00 00 02 00 00 02 11 67 0C 00 00 00 A9 FF F5 6B 
00 FF FF 00 02 10 22 93 00 00 02 00 00 02 11 68 0C 00 00 00 C9 FF F1 6B 
00 FF FF 00 02 10 22 93 00 00 02 00 00 02 11 6C 0C 00 00 01 EC FF F6 6A 
00 FF FF 00 02 10 22 93 00 00 02 00 00 02 11 6E 0C 00 00 01 2B FF F7 68 
00 FF FF 00 02 10 22 93 00 00 02 00 00 02 11 6F 0C 00 00 01 B4 FF F6 6A 
00 FF FF 00 02 10 22 93 00 00 02 00 00 02 11 70 0C 00 00 00 9E FF F3 69 
00 FF FF 00 02 10 22 93 00 00 02 00 00 02 11 71 0C 00 00 00 71 FF F1 69 
00 FF FF 00 02 10 22 93 00 00 02 00 00 02 11 72 0C 00 00 00 F2 FF F1 6A 
00 FF FF 00 02 10 22 93 00 00 02 00 00 02 11 73 0C 00 00 01 5D FF F2 66 
00 FF FF 00 02 10 22 93 00 00 02 00 00 02 11 74 0C 00 00 01 31 FF F1 6B 
00 FF FF 00 02 10 22 93 00 00 02 00 00 02 11 75 0C 00 00 00 E8 FF F1 68 
00 FF FF 00 02 10 22 93 00 00 02 00 00 02 11 76 0C 00 00 00 A9 FF F1 69 
00 FF FF 00 02 10 22 93 00 00 02 00 00 02 11 77 0C 00 00 01 F2 FF F5 69 
00 FF FF 00 02 10 22 93 00 00 02 00 00 02 11 78 0C 00 00 02 2A FF F1 67 
00 FF FF 00 02 10 22 93 00 00 02 00 00 02 11 79 0C 00 00 01 A2 FF F4 6B 
00 FF FF 00 02 10 22 93 00 00 02 00 00 02 11 7A 0C 00 00 02 62 FF F3 6A 
00 FF FF 00 02 10 22 93 00 00 02 00 00 02 11 7B 0C 00 00 01 88 FF F6 67 
00 FF FF 00 02 10 22 93 00 00 02 00 00 02 11 7C 0C 00 00 01 67 FF F3 6A 
00 FF FF 00 02 10 22 93 00 00 02 00 00 02 11 7D 0C 00 00 01 91 FF F4 6B 
00 FF FF 00 02 10 22 93 00 00 02 00 00 02 11 7E 0C 00 00 00 BF FF F3 6A 
00 FF FF 00 02 10 22 93 00 00 02 00 00 02 11 7F 0C 00 00 02 28 FF F3 69 
00 FF FF 00 02 10 22 93 00 00 02 00 00 02 11 80 0C 00 00 01 EC FF F5 66 
00 FF FF 00 02 10 22 93 00 00 02 00 00 02 11 81 0C 00 00 02 24 FF F1 6B 
00 FF FF 00 02 10 22 93 00 00 02 00 00 02 11 82 0C 00 00 01 15 FF F3 69 
00 FF FF 00 02 10 22 93 00 00 02 00 00 02 11 83 0C 00 00 02 21 FF F3 6B 
00 FF FF 00 02 10 22 93 00 00 02 00 00 02 11 84 0C 00 00 01 13 FF F2 69 
00 FF FF 00 02 10 22 93 00 00 02 00 00 02 11 85 0C 00 00 01 05 FF F3 67 
00 FF FF 00 02 10 22 93 00 00 02 00 00 02 11 87 0C 00 00 01 19 FF F7 64 
00 FF FF 00 02 10 22 93 00 00 02 00 00 02 11 88 0C 00 00 00 A2 FF F5 6B 
00 FF FF 00 02 10 22 93 00 00 02 00 00 02 11 89 0C 00 00 01 2C FF F5 6A 
00 FF FF 00 02 10 22 93 00 00 02 00 00 02 11 8A 0C 00 00 01 93 FF F5 6B 
00 FF FF 00 02 10 22 93 00 00 02 00 00 02 11 8B 0C 00 00 00 F7 FF F2 69 
00 FF FF 00 02 10 22 93 00 00 02 00 00 02 11 8D 0C 00 00 00 96 FF F2 64 
00 FF FF 00 02 10 22 93 00 00 02 00 00 02 11 8E 0C 00 00 01 96 FF F7 6A 
00 FF FF 00 02 10 22 93 00 00 02 00 00 02 11 8F 0C 00 00 01 70 FF F7 68 
00 FF FF 00 02 10 22 93 00 00 02 00 00 02 11 90 0C 00 00 01 45 FF F5 67 
00 FF FF 00 02 10 22 93 00 00 02 00 00 02 11 91 0C 00 00 00 70 FF F5 68 
00 FF FF 00 02 10 22 93 00 00 02 00 00 02 11 92 0C 00 00 01 20 FF F6 6A 
00 FF FF 00 02 10 22 93 00 00 02 00 00 02 11 93 0C 00 00 00 F4 FF F7 68 
00 FF FF 00 02 10 22 93 00 00 02 00 00 02 11 94 0C 00 00 01 17 FF F5 6C 
00 FF FF 00 02 10 22 93 00 00 02 00 00 02 11 95 0C 00 00 00 A1 FF F6 68 
00 FF FF 00 02 10 22 93 00 00 02 00 00 02 11 96 0C 00 00 00 D3 FF F5 6B 
00 FF FF 00 02 10 22 93 00 00 02 00 00 02 11 97 0C 00 00 01 3F FF F2 6A 
00 FF FF 00 02 10 22 93 00 00 02 00 00 02 11 98 0C 00 00 00 F5 FF F6 65 
00 FF FF 00 02 10 22 93 00 00 02 00 00 02 11 99 0C 00 00 00 F7 FF F5 6B 
00 FF FF 00 02 10 22 93 00 00 02 00 00 02 11 9A 0C 00 00 00 BF FF F6 69 
00 FF FF 00 02 10 22 93 00 00 02 00 00 02 11 9B 0C 00 00 00 FE FF F5 6B 
00 FF FF 00 02 10 22 93 00 00 02 00 00 02 11 9D 0C 00 00 01 8C FF F2 67 
00 FF FF 00 02 10 22 93 00 00 02 00 00 02 11 9E 0C 00 00 00 E0 FF F7 6A 
00 FF FF 00 02 10 22 93 00 00 02 00 00 02 11 9F 0C 00 00 01 09 FF F7 6B 
00 FF FF 00 02 10 22 93 00 00 02 00 00 02 11 A0 0C 00 00 00 9A FF F6 6A 
00 FF FF 00 02 10 22 93 00 00 02 00 00 02 11 A1 0C 00 00 00 CA FF F2 67 
00 FF FF 00 02 10 22 93 00 00 02 00 00 02 11 A2 0C 00 00 00 FC FF F6 66 
00 FF FF 00 02 10 22 93 00 00 02 00 00 02 11 A3 0C 00 00 02 4D FF F7 6A 
00 FF FF 00 02 10 22 93 00 00 02 00 00 02 11 A4 0C 00 00 00 B8 FF F2 66 
00 FF FF 00 02 10 22 93 00 00 02 00 00 02 11 A5 0C 00 00 00 9F FF F6 6B 
00 FF FF 00 02 10 22 93 00 00 02 00 00 02 11 A6 0C 00 00 01 6A FF F6 6B 
00 FF FF 00 02 10 22 93 00 00 02 00 00 02 11 A7 0C 00 00 01 46 FF F4 5E 
00 FF FF 00 02 10 22 93 00 00 02 00 00 02 11 A8 0C 00 00 02 10 FF F6 6C 
00 FF FF 00 02 10 22 93 00 00 02 00 00 02 11 AA 0C 00 00 01 3D FF F7 6B 
00 FF FF 00 02 10 22 93 00 00 02 00 00 02 11 AB 0C 00 00 01 55 FF F2 6A 
00 FF FF 00 02 10 22 93 00 00 02 00 00 02 11 AD 0C 00 00 01 25 FF F7 6A 
00 FF FF 00 02 10 22 93 00 00 02 00 00 02 11 AE 0C 00 00 01 49 FF F7 67 
00 FF FF 00 02 10 22 93 00 00 02 00 00 02 11 AF 0C 00 00 00 75 FF F4 67 
00 FF FF 00 02 10 22 93 00 00 02 00 00 02 11 B0 0C 00 00 00 D2 FF F6 6B 
00 FF FF 00 02 10 22 93 00 00 02 00 00 02 11 B1 0C 00 00 00 6D FF F2 51 
00 FF FF 00 02 10 22 93 00 00 02 00 00 02 11 B2 0C 00 00 01 2A FF F1 68 
00 FF FF 00 02 10 22 93 00 00 02 00 00 02 11 B3 0C 00 00 01 2F FF F6 67 
00 FF FF 00 02 10 22 93 00 00 02 00 00 02 11 B4 0C 00 00 00 F8 FF F6 6A 
00 FF FF 00 02 10 22 93 00 00 02 00 00 02 11 B5 0C 00 00 01 0F FF F6 69 
00 FF FF 00 02 10 22 93 00 00 02 00 00 02 11 B6 0C 00 00 02 18 FF F2 6A 
00 FF FF 00 02 10 22 93 00 00 02 00 00 02 11 B7 0C 00 00 01 0D FF F7 6A 
00 FF FF 00 02 10 22 93 00 00 02 00 00 02 11 B8 0C 00 00 00 D4 FF F7 6A 
00 FF FF 00 02 10 22 93 00 00 02 00 00 02 11 B9 0C 00 00 01 83 FF F2 68 
00 FF FF 00 02 10 22 93 00 00 02 00 00 02 11 BA 0C 00 00 01 7A FF F8 6A 
00 FF FF 00 02 10 22 93 00 00 02 00 00 02 11 BB 0C 00 00 01 74 FF F7 6B 
00 FF FF 00 02 10 22 93 00 00 02 00 00 02 11 BC 0C 00 00 01 9F FF F3 60 
00 FF FF 00 02 10 22 93 00 00 02 00 00 02 11 BE 0C 00 00 00 B1 FF F5 6A 
00 FF FF 00 02 10 22 93 00 00 02 00 00 02 11 BF 0C 00 00 02 6F FF F3 68 
00 FF FF 00 02 10 22 93 00 00 02 00 00 02 11 C0 0C 00 00 01 09 FF F5 6A 
00 FF FF 00 02 10 22 93 00 00 02 00 00 02 11 C1 0C 00 00 00 A6 FF F5 69 
00 FF FF 00 02 10 22 93 00 00 02 00 00 02 11 C2 0C 00 00 02 04 FF F1 69 
00 FF FF 00 02 10 22 93 00 00 02 00 00 02 11 C3 0C 00 00 01 33 FF F6 6B 
00 FF FF 00 02 10 22 93 00 00 02 00 00 02 11 C4 0C 00 00 02 C1 FF F4 69 
00 FF FF 00 02 10 22 93 00 00 02 00 00 02 11 C5 0C 00 00 00 CE FF F4 6B 
00 FF FF 00 02 10 22 93 00 00 02 00 00 02 11 C6 0C 00 00 00 B2 FF F3 6A 
00 FF FF 00 02 10 22 93 00 00 02 00 00 02 11 C7 0C 00 00 02 1C FF F4 69 
00 FF FF 00 02 10 22 93 00 00 02 00 00 02 11 C8 0C 00 00 00 B9 FF F4 69 
00 FF FF 00 02 10 22 93 00 00 02 00 00 02 11 C9 0C 00 00 00 D4 FF F3 65 
00 FF FF 00 02 10 22 93 00 00 02 00 00 02 11 CB 0C 00 00 00 CE FF F5 5F 
00 FF FF 00 02 10 22 93 00 00 02 00 00 02 11 CC 0C 00 00 02 AC FF F2 65 
00 FF FF 00 02 10 22 93 00 00 02 00 00 02 11 CD 0C 00 00 01 A3 FF F2 69 
00 FF FF 00 02 10 22 93 00 00 02 00 00 02 11 CE 0C 00 00 01 AB FF F3 6B 
00 FF FF 00 02 10 22 93 00 00 02 00 00 02 11 CF 0C 00 00 00 CB FF F3 68 
00 FF FF 00 02 10 22 93 00 00 02 00 00 02 11 D0 0C 00 00 01 81 FF F7 6A 
00 FF FF 00 02 10 22 93 00 00 02 00 00 02 11 D1 0C 00 00 01 49 FF F3 69 
00 FF FF 00 02 10 22 93 00 00 02 00 00 02 11 D2 0C 00 00 01 78 FF F7 6B 
00 FF FF 00 02 10 22 93 00 00 02 00 00 02 11 D3 0C 00 00 01 13 FF F7 65 
00 FF FF 00 02 10 22 93 00 00 02 00 00 02 11 D4 0C 00 00 01 05 FF F7 68 
00 FF FF 00 02 10 22 93 00 00 02 00 00 02 11 D5 0C 00 00 00 F8 FF F6 65 
00 FF FF 00 02 10 22 93 00 00 02 00 00 02 11 D6 0C 00 00 01 41 FF F7 6A 
00 FF FF 00 02 10 22 93 00 00 02 00 00 02 11 D7 0C 00 00 01 BD FF F7 6B 
00 FF FF 00 02 10 22 93 00 00 02 00 00 02 11 D8 0C 00 00 01 0F FF F3 6A 
00 FF FF 00 02 10 22 93 00 00 02 00 00 02 11 D9 0C 00 00 02 46 FF F5 61 
00 FF FF 00 02 10 22 93 00 00 02 00 00 02 11 DA 0C 00 00 00 EF FF F1 69 
00 FF FF 00 02 10 22 93 00 00 02 00 00 02 11 DB 0C 00 00 01 6C FF F2 67 
00 FF FF 00 02 10 22 93 00 00 02 00 00 02 11 DD 0C 00 00 00 B1 FF EE 6A 
00 FF FF 00 02 10 22 93 00 00 02 00 00 02 11 DE 0C 00 00 00 8A FF F1 68 
00 FF FF 00 02 10 22 93 00 00 02 00 00 02 11 DF 0C 00 00 01 8A FF F1 6A 
00 FF FF 00 02 10 22 93 00 00 02 00 00 02 11 E0 0C 00 00 00 89 FF F6 66 
00 FF FF 00 02 10 22 93 00 00 02 00 00 02 11 E1 0C 00 00 00 84 FF F7 6A 
00 FF FF 00 02 10 22 93 00 00 02 00 00 02 11 E2 0C 00 00 02 16 FF F5 6B 
00 FF FF 00 02 10 22 93 00 00 02 00 00 02 11 E3 0C 00 00 00 A4 FF F0 6B 
00 FF FF 00 02 10 22 93 00 00 02 00 00 02 11 E4 0C 00 00 00 DE FF F7 6A 
00 FF FF 00 02 10 22 93 00 00 02 00 00 02 11 E5 0C 00 00 00 C9 FF F5 6B 
00 FF FF 00 02 10 22 93 00 00 02 00 00 02 11 E6 0C 00 00 01 2B FF F4 6B 
00 FF FF 00 02 10 22 93 00 00 02 00 00 02 11 E7 0C 00 00 01 73 FF F6 66 
00 FF FF 00 02 10 22 93 00 00 02 00 00 02 11 E8 0C 00 00 01 4E FF F4 6B 
00 FF FF 00 02 10 22 93 00 00 02 00 00 02 11 E9 0C 00 00 00 C1 FF F3 68 
00 FF FF 00 02 10 22 93 00 00 02 00 00 02 11 EA 0C 00 00 01 A8 FF F4 64 
00 FF FF 00 02 10 22 93 00 00 02 00 00 02 11 EB 0C 00 00 00 BD FF F3 6B 
00 FF FF 00 02 10 22 93 00 00 02 00 00 02 11 EC 0C 00 00 01 88 FF F3 69 
00 FF FF 00 02 10 22 93 00 00 02 00 00 02 11 ED 0C 00 00 02 55 FF F3 6C 
00 FF FF 00 02 10 22 93 00 00 02 00 00 02 11 EE 0C 00 00 01 4E FF F5 5F 
00 FF FF 00 02 10 22 93 00 00 02 00 00 02 11 EF 0C 00 00 00 EF FF F4 6C 
00 FF FF 00 02 10 22 93 00 00 02 00 00 02 11 F0 0C 00 00 00 9B FF F3 6A 
00 FF FF 00 02 10 22 93 00 00 02 00 00 02 11 F1 0C 00 00 00 D3 FF F3 68 
00 FF FF 00 02 10 22 93 00 00 02 00 00 02 11 F2 0C 00 00 01 29 FF F4 69 
00 FF FF 00 02 10 22 93 00 00 02 00 00 02 11 F3 0C 00 00 01 1C FF F3 66 
00 FF FF 00 02 10 22 93 00 00 02 00 00 02 11 F4 0C 00 00 00 D8 FF F4 6B 
00 FF FF 00 02 10 22 93 00 00 02 00 00 02 11 F5 0C 00 00 02 BD FF F3 6A 
00 FF FF 00 02 10 22 93 00 00 02 00 00 02 11 F7 0C 00 00 00 DF FF F3 6B 
00 FF FF 00 02 10 22 93 00 00 02 00 00 02 11 F8 0C 00 00 03 45 FF F4 68 
00 FF FF 00 02 10 22 93 00 00 02 00 00 02 11 F9 0C 00 00 00 EF FF F2 69 
00 FF FF 00 02 10 22 93 00 00 02 00 00 02 11 FA 0C 00 00 00 EE FF F3 69 
00 FF FF 00 02 10 22 93 00 00 02 00 00 02 11 FB 0C 00 00 01 7D FF F6 68 
00 FF FF 00 02 10 22 93 00 00 02 00 00 02 11 FC 0C 00 00 00 B6 FF F6 69 
00 FF FF 00 02 10 22 93 00 00 02 00 00 02 11 FD 0C 00 00 01 FD FF F2 68 
00 FF FF 00 02 10 22 93 00 00 02 00 00 02 11 FE 0C 00 00 03 34 FF F1 6A 
00 FF FF 00 02 10 22 93 00 00 02 00 00 02 11 FF 0C 00 00 01 09 FF F5 69 
00 FF FF 00 02 10 22 93 00 00 02 00 00 02 12 00 0C 00 00 00 B3 FF F6 69 
00 FF FF 00 02 10 22 93 00 00 02 00 00 02 12 01 0C 00 00 01 22 FF F7 6B 
00 FF FF 00 02 10 22 93 00 00 02 00 00 02 12 02 0C 00 00 00 A2 FF F3 6B 
00 FF FF 00 02 10 22 93 00 00 02 00 00 02 12 04 0C 00 00 00 ED FF F3 6B 
00 FF FF 00 02 10 22 93 00 00 02 00 00 02 12 05 0C 00 00 00 E9 FF F6 67 
00 FF FF 00 02 10 22 93 00 00 02 00 00 02 12 06 0C 00 00 02 08 FF F5 69 
00 FF FF 00 02 10 22 93 00 00 02 00 00 02 12 07 0C 00 00 01 7D FF F5 6B 
00 FF FF 00 02 10 22 93 00 00 02 00 00 02 12 08 0C 00 00 00 E9 FF F6 6A 
00 FF FF 00 02 10 22 93 00 00 02 00 00 02 12 09 0C 00 00 01 02 FF F1 6B 
00 FF FF 00 02 10 22 93 00 00 02 00 00 02 12 0A 0C 00 00 00 B7 FF F5 69 
00 FF FF 00 02 10 22 93 00 00 02 00 00 02 12 0B 0C 00 00 00 90 FF F6 6A 
00 FF FF 00 02 10 22 93 00 00 02 00 00 02 12 0C 0C 00 00 00 F6 FF F6 65 
00 FF FF 00 02 10 22 93 00 00 02 00 00 02 12 0D 0C 00 00 01 33 FF F7 6B 
00 FF FF 00 02 10 22 93 00 00 02 00 00 02 12 0E 0C 00 00 01 49 FF F7 6B 
00 FF FF 00 02 10 22 93 00 00 02 00 00 02 12 0F 0C 00 00 01 10 FF F2 5F 
00 FF FF 00 02 10 22 93 00 00 02 00 00 02 12 10 0C 00 00 00 FE FF F2 68 
00 FF FF 00 02 10 22 93 00 00 02 00 00 02 12 11 0C 00 00 01 01 FF F7 68 
00 FF FF 00 02 10 22 93 00 00 02 00 00 02 12 12 0C 00 00 01 D4 FF F2 6A 
00 FF FF 00 02 10 22 93 00 00 02 00 00 02 12 13 0C 00 00 01 4A FF F7 6B 
00 FF FF 00 02 10 22 93 00 00 02 00 00 02 12 14 0C 00 00 00 84 FF F3 6A 
00 FF FF 00 02 10 22 93 00 00 02 00 00 02 12 15 0C 00 00 01 45 FF F3 6B 
00 FF FF 00 02 10 22 93 00 00 02 00 00 02 12 16 0C 00 00 00 9D FF F4 69 
00 FF FF 00 02 10 22 93 00 00 02 00 00 02 12 17 0C 00 00 01 70 FF F6 6B 
00 FF FF 00 02 10 22 93 00 00 02 00 00 02 12 18 0C 00 00 01 3C FF F4 4D 
00 FF FF 00 02 10 22 93 00 00 02 00 00 02 12 19 0C 00 00 01 3A FF F1 69 
00 FF FF 00 02 10 22 93 00 00 02 00 00 02 12 1A 0C 00 00 00 75 FF ED 68 
00 FF FF 00 02 10 22 93 00 00 02 00 00 02 12 1B 0C 00 00 00 AF FF EF 6A 
00 FF FF 00 02 10 22 93 00 00 02 00 00 02 12 1C 0C 00 00 01 01 FF ED 6B 
00 FF FF 00 02 10 22 93 00 00 02 00 00 02 12 1D 0C 00 00 00 B7 FF EE 6B 
00 FF FF 00 02 10 22 93 00 00 02 00 00 02 12 1E 0C 00 00 01 58 FF ED 6A 
00 FF FF 00 02 10 22 93 00 00 02 00 00 02 12 20 0C 00 00 00 DD FF EB 69 
00 FF FF 00 02 10 22 93 00 00 02 00 00 02 12 22 0C 00 00 01 A7 FF ED 67 
