00 FF FF 00 02 10 22 93 00 00 02 00 00 02 17 6A 0C 00 00 06 86 FF F5 68 
00 FF FF 00 02 10 22 93 00 00 02 00 00 02 17 6B 0C 00 00 08 7F FF F5 6B 
00 FF FF 00 02 10 22 93 00 00 02 00 00 02 17 6C 0C 00 00 05 0D FF F5 69 
00 FF FF 00 02 10 22 93 00 00 02 00 00 02 17 6D 0C 00 00 06 4D FF F3 6A 
00 FF FF 00 02 10 22 93 00 00 02 00 00 02 17 6E 0C 00 00 06 34 FF F3 6B 
00 FF FF 00 02 10 22 93 00 00 02 00 00 02 17 6F 0C 00 00 0A 64 FF F5 6B 
00 FF FF 00 02 10 22 93 00 00 02 00 00 02 17 70 0C 00 00 02 F0 FF F5 6A 
00 FF FF 00 02 10 22 93 00 00 02 00 00 02 17 71 0C 00 00 04 4C FF F6 6B 
00 FF FF 00 02 10 22 93 00 00 02 00 00 02 17 72 0C 00 00 08 A8 FF F2 6B 
00 FF FF 00 02 10 22 93 00 00 02 00 00 02 17 73 0C 00 00 06 A9 FF F7 69 
00 FF FF 00 02 10 22 93 00 00 02 00 00 02 17 74 0C 00 00 03 B7 FF F6 6B 
00 FF FF 00 02 10 22 93 00 00 02 00 00 02 17 75 0C 00 00 07 42 FF F5 6A 
00 FF FF 00 02 10 22 93 00 00 02 00 00 02 17 76 0C 00 00 04 14 FF F2 6B 
00 FF FF 00 02 10 22 93 00 00 02 00 00 02 17 77 0C 00 00 02 B1 FF F3 6A 
00 FF FF 00 02 10 22 93 00 00 02 00 00 02 17 78 0C 00 00 08 FC FF F6 5C 
00 FF FF 00 02 10 22 93 00 00 02 00 00 02 17 79 0C 00 00 04 12 FF F3 69 
00 FF FF 00 02 10 22 93 00 00 02 00 00 02 17 7A 0C 00 00 02 74 FF F3 6A 
00 FF FF 00 02 10 22 93 00 00 02 00 00 02 17 7B 0C 00 00 04 9E FF F7 6B 
00 FF FF 00 02 10 22 93 00 00 02 00 00 02 17 7C 0C 00 00 03 1B FF F3 69 
00 FF FF 00 02 10 22 93 00 00 02 00 00 02 17 7D 0C 00 00 05 E8 FF F3 68 
00 FF FF 00 02 10 22 93 00 00 02 00 00 02 17 7E 0C 00 00 03 E4 FF F3 6B 
00 FF FF 00 02 10 22 93 00 00 02 00 00 02 17 7F 0C 00 00 06 CD FF F3 6B 
00 FF FF 00 02 10 22 93 00 00 02 00 00 02 17 80 0C 00 00 07 77 FF F4 69 
00 FF FF 00 02 10 22 93 00 00 02 00 00 02 17 81 0C 00 00 03 F8 FF F5 6B 
00 FF FF 00 02 10 22 93 00 00 02 00 00 02 17 82 0C 00 00 04 9B FF F5 6C 
00 FF FF 00 02 10 22 93 00 00 02 00 00 02 17 83 0C 00 00 08 D5 FF F6 6A 
00 FF FF 00 02 10 22 93 00 00 02 00 00 02 17 84 0C 00 00 02 CA FF F4 6A 
00 FF FF 00 02 10 22 93 00 00 02 00 00 02 17 85 0C 00 00 06 41 FF F5 6A 
00 FF FF 00 02 10 22 93 00 00 02 00 00 02 17 86 0C 00 00 07 08 FF F3 6B 
00 FF FF 00 02 10 22 93 00 00 02 00 00 02 17 87 0C 00 00 08 A9 FF F1 6A 
00 FF FF 00 02 10 22 93 00 00 02 00 00 02 17 88 0C 00 00 02 3C FF F2 6A 
00 FF FF 00 02 10 22 93 00 00 02 00 00 02 17 89 0C 00 00 04 C6 FF F7 69 
00 FF FF 00 02 10 22 93 00 00 02 00 00 02 17 8A 0C 00 00 05 FE FF F6 6A 
00 FF FF 00 02 10 22 93 00 00 02 00 00 02 17 8B 0C 00 00 05 24 FF F7 6A 
00 FF FF 00 02 10 22 93 00 00 02 00 00 02 17 8C 0C 00 00 0B 82 FF F7 68 
00 FF FF 00 02 10 22 93 00 00 02 00 00 02 17 8D 0C 00 00 04 73 FF F7 6A 
00 FF FF 00 02 10 22 93 00 00 02 00 00 02 17 8E 0C 00 00 04 57 FF F6 69 
00 FF FF 00 02 10 22 93 00 00 02 00 00 02 17 8F 0C 00 00 04 F9 FF F7 6A 
00 FF FF 00 02 10 22 93 00 00 02 00 00 02 17 90 0C 00 00 04 45 FF F6 6A 
00 FF FF 00 02 10 22 93 00 00 02 00 00 02 17 91 0C 00 00 04 E4 FF F6 68 
00 FF FF 00 02 10 22 93 00 00 02 00 00 02 17 92 0C 00 00 06 FA FF F6 69 
00 FF FF 00 02 10 22 93 00 00 02 00 00 02 17 93 0C 00 00 04 6F FF F7 69 
00 FF FF 00 02 10 22 93 00 00 02 00 00 02 17 95 0C 00 00 07 72 FF F7 6A 
00 FF FF 00 02 10 22 93 00 00 02 00 00 02 17 96 0C 00 00 04 37 FF F7 6A 
00 FF FF 00 02 10 22 93 00 00 02 00 00 02 17 97 0C 00 00 0B BE FF F7 6A 
00 FF FF 00 02 10 22 93 00 00 02 00 00 02 17 98 0C 00 00 03 29 FF F3 67 
00 FF FF 00 02 10 22 93 00 00 02 00 00 02 17 99 0C 00 00 05 83 FF F2 69 
00 FF FF 00 02 10 22 93 00 00 02 00 00 02 17 9A 0C 00 00 04 A4 FF F1 66 
00 FF FF 00 02 10 22 93 00 00 02 00 00 02 17 9B 0C 00 00 06 08 FF F3 67 
00 FF FF 00 02 10 22 93 00 00 02 00 00 02 17 9C 0C 00 00 04 2D FF F3 69 
00 FF FF 00 02 10 22 93 00 00 02 00 00 02 17 9D 0C 00 00 09 44 FF F3 6A 
00 FF FF 00 02 10 22 93 00 00 02 00 00 02 17 9E 0C 00 00 03 6D FF EE 66 
00 FF FF 00 02 10 22 93 00 00 02 00 00 02 17 9F 0C 00 00 01 FC FF F0 68 
00 FF FF 00 02 10 22 93 00 00 02 00 00 02 17 A0 0C 00 00 09 21 FF EF 6B 
00 FF FF 00 02 10 22 93 00 00 02 00 00 02 17 A1 0C 00 00 0B 49 FF EE 69 
00 FF FF 00 02 10 22 93 00 00 02 00 00 02 17 A2 0C 00 00 02 E8 FF F3 6A 
00 FF FF 00 02 10 22 93 00 00 02 00 00 02 17 A3 0C 00 00 06 27 FF F5 69 
00 FF FF 00 02 10 22 93 00 00 02 00 00 02 17 A4 0C 00 00 02 FD FF F6 6A 
00 FF FF 00 02 10 22 93 00 00 02 00 00 02 17 A5 0C 00 00 03 50 FF F6 6B 
00 FF FF 00 02 10 22 93 00 00 02 00 00 02 17 A6 0C 00 00 02 C8 FF F5 69 
00 FF FF 00 02 10 22 93 00 00 02 00 00 02 17 A7 0C 00 00 05 D8 FF F2 68 
00 FF FF 00 02 10 22 93 00 00 02 00 00 02 17 A8 0C 00 00 05 19 FF F3 6A 
00 FF FF 00 02 10 22 93 00 00 02 00 00 02 17 A9 0C 00 00 08 01 FF F3 6B 
00 FF FF 00 02 10 22 93 00 00 02 00 00 02 17 AA 0C 00 00 04 5E FF F4 69 
00 FF FF 00 02 10 22 93 00 00 02 00 00 02 17 AB 0C 00 00 06 48 FF F4 69 
00 FF FF 00 02 10 22 93 00 00 02 00 00 02 17 AC 0C 00 00 01 9C FF F4 69 
00 FF FF 00 02 10 22 93 00 00 02 00 00 02 17 AD 0C 00 00 04 69 FF F5 63 
00 FF FF 00 02 10 22 93 00 00 02 00 00 02 17 AE 0C 00 00 0A AC FF F4 6A 
00 FF FF 00 02 10 22 93 00 00 02 00 00 02 17 AF 0C 00 00 04 38 FF F4 6A 
00 FF FF 00 02 10 22 93 00 00 02 00 00 02 17 B0 0C 00 00 03 32 FF F2 6A 
00 FF FF 00 02 10 22 93 00 00 02 00 00 02 17 B1 0C 00 00 06 45 FF F6 68 
00 FF FF 00 02 10 22 93 00 00 02 00 00 02 17 B2 0C 00 00 05 7C FF F4 6B 
00 FF FF 00 02 10 22 93 00 00 02 00 00 02 17 B3 0C 00 00 03 AB FF F3 66 
00 FF FF 00 02 10 22 93 00 00 02 00 00 02 17 B4 0C 00 00 07 02 FF F5 6A 
00 FF FF 00 02 10 22 93 00 00 02 00 00 02 17 B5 0C 00 00 04 54 FF F7 65 
00 FF FF 00 02 10 22 93 00 00 02 00 00 02 17 B6 0C 00 00 07 13 FF F7 6B 
00 FF FF 00 02 10 22 93 00 00 02 00 00 02 17 B7 0C 00 00 05 08 FF F6 69 
00 FF FF 00 02 10 22 93 00 00 02 00 00 02 17 B8 0C 00 00 05 BC FF F7 6A 
00 FF FF 00 02 10 22 93 00 00 02 00 00 02 17 B9 0C 00 00 04 BA FF F7 6A 
00 FF FF 00 02 10 22 93 00 00 02 00 00 02 17 BA 0C 00 00 01 B0 FF F7 69 
00 FF FF 00 02 10 22 93 00 00 02 00 00 02 17 BB 0C 00 00 07 5F FF F7 69 
00 FF FF 00 02 10 22 93 00 00 02 00 00 02 17 BC 0C 00 00 04 6B FF F2 64 
00 FF FF 00 02 10 22 93 00 00 02 00 00 02 17 BD 0C 00 00 06 6E FF F7 6C 
00 FF FF 00 02 10 22 93 00 00 02 00 00 02 17 BE 0C 00 00 04 09 FF F2 6B 
00 FF FF 00 02 10 22 93 00 00 02 00 00 02 17 BF 0C 00 00 06 48 FF F2 68 
00 FF FF 00 02 10 22 93 00 00 02 00 00 02 17 C0 0C 00 00 04 0B FF F7 69 
00 FF FF 00 02 10 22 93 00 00 02 00 00 02 17 C1 0C 00 00 06 10 FF F2 6B 
00 FF FF 00 02 10 22 93 00 00 02 00 00 02 17 C2 0C 00 00 09 02 FF F3 6B 
00 FF FF 00 02 10 22 93 00 00 02 00 00 02 17 C3 0C 00 00 04 D7 FF F3 6B 
00 FF FF 00 02 10 22 93 00 00 02 00 00 02 17 C4 0C 00 00 06 8E FF F2 6B 
00 FF FF 00 02 10 22 93 00 00 02 00 00 02 17 C5 0C 00 00 04 88 FF F7 6A 
00 FF FF 00 02 10 22 93 00 00 02 00 00 02 17 C6 0C 00 00 00 DC FF F7 69 
00 FF FF 00 02 10 22 93 00 00 02 00 00 02 17 C7 0C 00 00 05 FB FF F7 69 
00 FF FF 00 02 10 22 93 00 00 02 00 00 02 17 C8 0C 00 00 04 58 FF F5 68 
00 FF FF 00 02 10 22 93 00 00 02 00 00 02 17 C9 0C 00 00 04 79 FF F6 62 
00 FF FF 00 02 10 22 93 00 00 02 00 00 02 17 CA 0C 00 00 06 7D FF F6 68 
00 FF FF 00 02 10 22 93 00 00 02 00 00 02 17 CB 0C 00 00 04 2D FF F4 69 
00 FF FF 00 02 10 22 93 00 00 02 00 00 02 17 CC 0C 00 00 02 91 FF F4 66 
00 FF FF 00 02 10 22 93 00 00 02 00 00 02 17 CD 0C 00 00 04 B9 FF F4 69 
00 FF FF 00 02 10 22 93 00 00 02 00 00 02 17 CE 0C 00 00 03 E4 FF F4 6A 
00 FF FF 00 02 10 22 93 00 00 02 00 00 02 17 CF 0C 00 00 05 20 FF F2 69 
00 FF FF 00 02 10 22 93 00 00 02 00 00 02 17 D0 0C 00 00 05 35 FF F4 67 
00 FF FF 00 02 10 22 93 00 00 02 00 00 02 17 D1 0C 00 00 03 13 FF F3 65 
00 FF FF 00 02 10 22 93 00 00 02 00 00 02 17 D2 0C 00 00 05 CA FF F3 69 
00 FF FF 00 02 10 22 93 00 00 02 00 00 02 17 D3 0C 00 00 06 F5 FF F3 65 
00 FF FF 00 02 10 22 93 00 00 02 00 00 02 17 D4 0C 00 00 06 29 FF F3 68 
00 FF FF 00 02 10 22 93 00 00 02 00 00 02 17 D5 0C 00 00 06 9E FF F3 68 
00 FF FF 00 02 10 22 93 00 00 02 00 00 02 17 D6 0C 00 00 05 4C FF F3 6B 
00 FF FF 00 02 10 22 93 00 00 02 00 00 02 17 D7 0C 00 00 05 83 FF F3 69 
00 FF FF 00 02 10 22 93 00 00 02 00 00 02 17 D8 0C 00 00 09 F7 FF F3 66 
00 FF FF 00 02 10 22 93 00 00 02 00 00 02 17 D9 0C 00 00 03 A4 FF F3 68 
00 FF FF 00 02 10 22 93 00 00 02 00 00 02 17 DA 0C 00 00 04 B7 FF F3 68 
00 FF FF 00 02 10 22 93 00 00 02 00 00 02 17 DB 0C 00 00 07 B8 FF F3 6A 
00 FF FF 00 02 10 22 93 00 00 02 00 00 02 17 DC 0C 00 00 06 5F FF F4 66 
00 FF FF 00 02 10 22 93 00 00 02 00 00 02 17 DD 0C 00 00 04 70 FF F4 67 
00 FF FF 00 02 10 22 93 00 00 02 00 00 02 17 DE 0C 00 00 06 49 FF F3 67 
00 FF FF 00 02 10 22 93 00 00 02 00 00 02 17 DF 0C 00 00 02 56 FF F3 6A 
00 FF FF 00 02 10 22 93 00 00 02 00 00 02 17 E0 0C 00 00 05 86 FF F7 69 
00 FF FF 00 02 10 22 93 00 00 02 00 00 02 17 E1 0C 00 00 07 E6 FF F7 6B 
00 FF FF 00 02 10 22 93 00 00 02 00 00 02 17 E2 0C 00 00 02 81 FF F7 68 
00 FF FF 00 02 10 22 93 00 00 02 00 00 02 17 E3 0C 00 00 05 53 FF F3 6B 
00 FF FF 00 02 10 22 93 00 00 02 00 00 02 17 E4 0C 00 00 08 39 FF F3 69 
00 FF FF 00 02 10 22 93 00 00 02 00 00 02 17 E5 0C 00 00 0D F7 FF F3 6B 
00 FF FF 00 02 10 22 93 00 00 02 00 00 02 17 E6 0C 00 00 05 3A FF F7 69 
00 FF FF 00 02 10 22 93 00 00 02 00 00 02 17 E7 0C 00 00 04 0B FF F3 68 
00 FF FF 00 02 10 22 93 00 00 02 00 00 02 17 E8 0C 00 00 01 FD FF F3 6A 
00 FF FF 00 02 10 22 93 00 00 02 00 00 02 17 E9 0C 00 00 04 E0 FF F2 69 
00 FF FF 00 02 10 22 93 00 00 02 00 00 02 17 EA 0C 00 00 05 21 FF F3 68 
00 FF FF 00 02 10 22 93 00 00 02 00 00 02 17 EB 0C 00 00 06 0E FF F2 67 
00 FF FF 00 02 10 22 93 00 00 02 00 00 02 17 EC 0C 00 00 04 96 FF F7 64 
00 FF FF 00 02 10 22 93 00 00 02 00 00 02 17 ED 0C 00 00 06 E8 FF F4 67 
00 FF FF 00 02 10 22 93 00 00 02 00 00 02 17 EE 0C 00 00 0A FF FF F7 67 
00 FF FF 00 02 10 22 93 00 00 02 00 00 02 17 EF 0C 00 00 02 8D FF F3 6A 
00 FF FF 00 02 10 22 93 00 00 02 00 00 02 17 F0 0C 00 00 0B AB FF F3 6B 
00 FF FF 00 02 10 22 93 00 00 02 00 00 02 17 F1 0C 00 00 04 E4 FF F7 6A 
00 FF FF 00 02 10 22 93 00 00 02 00 00 02 17 F2 0C 00 00 01 1C FF F2 6A 
00 FF FF 00 02 10 22 93 00 00 02 00 00 02 17 F3 0C 00 00 08 37 FF F6 6A 
00 FF FF 00 02 10 22 93 00 00 02 00 00 02 17 F4 0C 00 00 03 FC FF F7 69 
00 FF FF 00 02 10 22 93 00 00 02 00 00 02 17 F5 0C 00 00 03 97 FF F6 6B 
00 FF FF 00 02 10 22 93 00 00 02 00 00 02 17 F6 0C 00 00 01 12 FF F3 6B 
00 FF FF 00 02 10 22 93 00 00 02 00 00 02 17 F7 0C 00 00 06 1E FF F8 6A 
00 FF FF 00 02 10 22 93 00 00 02 00 00 02 17 F8 0C 00 00 04 F9 FF F6 6B 
00 FF FF 00 02 10 22 93 00 00 02 00 00 02 17 F9 0C 00 00 01 C2 FF F6 69 
00 FF FF 00 02 10 22 93 00 00 02 00 00 02 17 FA 0C 00 00 04 BD FF F8 69 
00 FF FF 00 02 10 22 93 00 00 02 00 00 02 17 FB 0C 00 00 04 28 FF F5 6B 
00 FF FF 00 02 10 22 93 00 00 02 00 00 02 17 FC 0C 00 00 08 5F FF F8 69 
00 FF FF 00 02 10 22 93 00 00 02 00 00 02 17 FD 0C 00 00 06 86 FF F8 65 
00 FF FF 00 02 10 22 93 00 00 02 00 00 02 17 FE 0C 00 00 06 3E FF F6 69 
00 FF FF 00 02 10 22 93 00 00 02 00 00 02 17 FF 0C 00 00 08 1F FF F9 68 
00 FF FF 00 02 10 22 93 00 00 02 00 00 02 18 00 0C 00 00 04 A8 FF F8 6B 
00 FF FF 00 02 10 22 93 00 00 02 00 00 02 18 01 0C 00 00 05 0C FF F6 6A 
00 FF FF 00 02 10 22 93 00 00 02 00 00 02 18 02 0C 00 00 06 92 FF F8 6B 
00 FF FF 00 02 10 22 93 00 00 02 00 00 02 18 03 0C 00 00 06 D5 FF F8 6A 
00 FF FF 00 02 10 22 93 00 00 02 00 00 02 18 05 0C 00 00 08 11 FF F5 6B 
00 FF FF 00 02 10 22 93 00 00 02 00 00 02 18 06 0C 00 00 07 8C FF F8 6B 
00 FF FF 00 02 10 22 93 00 00 02 00 00 02 18 09 0C 00 00 03 A8 FF F6 67 
00 FF FF 00 02 10 22 93 00 00 02 00 00 02 18 0A 0C 00 00 01 0D FF F7 6A 
00 FF FF 00 02 10 22 93 00 00 02 00 00 02 18 0B 0C 00 00 04 B6 FF F8 6B 
00 FF FF 00 02 10 22 93 00 00 02 00 00 02 18 0C 0C 00 00 0E D1 FF F7 69 
00 FF FF 00 02 10 22 93 00 00 02 00 00 02 18 0D 0C 00 00 06 72 FF F8 69 
00 FF FF 00 02 10 22 93 00 00 02 00 00 02 18 0E 0C 00 00 0C 44 FF F7 69 
00 FF FF 00 02 10 22 93 00 00 02 00 00 02 18 0F 0C 00 00 0D C8 FF F8 6A 
00 FF FF 00 02 10 22 93 00 00 02 00 00 02 18 10 0C 00 00 03 D4 FF F8 6A 
00 FF FF 00 02 10 22 93 00 00 02 00 00 02 18 11 0C 00 00 0B 9D FF F8 6B 
00 FF FF 00 02 10 22 93 00 00 02 00 00 02 18 12 0C 00 00 06 0D FF F8 6A 
00 FF FF 00 02 10 22 93 00 00 02 00 00 02 18 13 0C 00 00 0B F8 FF F7 68 
00 FF FF 00 02 10 22 93 00 00 02 00 00 02 18 15 0C 00 00 01 71 FF F7 6B 
00 FF FF 00 02 10 22 93 00 00 02 00 00 02 18 16 0C 00 00 06 7B FF F8 6A 
00 FF FF 00 02 10 22 93 00 00 02 00 00 02 18 17 0C 00 00 02 B4 FF F8 69 
00 FF FF 00 02 10 22 93 00 00 02 00 00 02 18 18 0C 00 00 03 77 FF F7 68 
00 FF FF 00 02 10 22 93 00 00 02 00 00 02 18 19 0C 00 00 06 CD FF F7 6A 
00 FF FF 00 02 10 22 93 00 00 02 00 00 02 18 1A 0C 00 00 04 40 FF F8 67 
00 FF FF 00 02 10 22 93 00 00 02 00 00 02 18 1B 0C 00 00 05 A0 FF F8 6A 
00 FF FF 00 02 10 22 93 00 00 02 00 00 02 18 1C 0C 00 00 03 21 FF F7 65 
00 FF FF 00 02 10 22 93 00 00 02 00 00 02 18 1D 0C 00 00 03 D4 FF F8 66 
00 FF FF 00 02 10 22 93 00 00 02 00 00 02 18 1E 0C 00 00 08 A9 FF F8 68 
00 FF FF 00 02 10 22 93 00 00 02 00 00 02 18 1F 0C 00 00 05 71 FF F7 67 
00 FF FF 00 02 10 22 93 00 00 02 00 00 02 18 20 0C 00 00 07 EE FF F8 69 
00 FF FF 00 02 10 22 93 00 00 02 00 00 02 18 21 0C 00 00 05 4B FF F7 6A 
00 FF FF 00 02 10 22 93 00 00 02 00 00 02 18 22 0C 00 00 02 24 FF F8 6A 
00 FF FF 00 02 10 22 93 00 00 02 00 00 02 18 23 0C 00 00 03 C5 FF F6 69 
00 FF FF 00 02 10 22 93 00 00 02 00 00 02 18 24 0C 00 00 06 E6 FF F8 6A 
00 FF FF 00 02 10 22 93 00 00 02 00 00 02 18 25 0C 00 00 04 06 FF F6 6A 
00 FF FF 00 02 10 22 93 00 00 02 00 00 02 18 26 0C 00 00 06 13 FF F6 6B 
00 FF FF 00 02 10 22 93 00 00 02 00 00 02 18 27 0C 00 00 03 1C FF F8 6B 
00 FF FF 00 02 10 22 93 00 00 02 00 00 02 18 28 0C 00 00 05 1B FF F8 6B 
00 FF FF 00 02 10 22 93 00 00 02 00 00 02 18 29 0C 00 00 05 3F FF F8 6A 
00 FF FF 00 02 10 22 93 00 00 02 00 00 02 18 2A 0C 00 00 09 21 FF F7 6B 
00 FF FF 00 02 10 22 93 00 00 02 00 00 02 18 2D 0C 00 00 08 B6 FF F8 69 
00 FF FF 00 02 10 22 93 00 00 02 00 00 02 18 2E 0C 00 00 05 53 FF F5 6B 
00 FF FF 00 02 10 22 93 00 00 02 00 00 02 18 2F 0C 00 00 07 F1 FF F5 6A 
00 FF FF 00 02 10 22 93 00 00 02 00 00 02 18 30 0C 00 00 07 B9 FF F5 69 
00 FF FF 00 02 10 22 93 00 00 02 00 00 02 18 31 0C 00 00 06 30 FF F8 68 
00 FF FF 00 02 10 22 93 00 00 02 00 00 02 18 32 0C 00 00 0A 55 FF F8 6A 
00 FF FF 00 02 10 22 93 00 00 02 00 00 02 18 33 0C 00 00 0A 7D FF F7 6A 
00 FF FF 00 02 10 22 93 00 00 02 00 00 02 18 34 0C 00 00 04 10 FF F7 67 
00 FF FF 00 02 10 22 93 00 00 02 00 00 02 18 35 0C 00 00 09 82 FF F8 6A 
00 FF FF 00 02 10 22 93 00 00 02 00 00 02 18 36 0C 00 00 08 22 FF F8 67 
00 FF FF 00 02 10 22 93 00 00 02 00 00 02 18 37 0C 00 00 02 D6 FF F7 65 
00 FF FF 00 02 10 22 93 00 00 02 00 00 02 18 38 0C 00 00 09 15 FF F8 67 
00 FF FF 00 02 10 22 93 00 00 02 00 00 02 18 39 0C 00 00 07 72 FF F8 61 
00 FF FF 00 02 10 22 93 00 00 02 00 00 02 18 3A 0C 00 00 05 F5 FF F6 68 
00 FF FF 00 02 10 22 93 00 00 02 00 00 02 18 3B 0C 00 00 0B 5B FF F8 67 
00 FF FF 00 02 10 22 93 00 00 02 00 00 02 18 3C 0C 00 00 04 FB FF F6 68 
00 FF FF 00 02 10 22 93 00 00 02 00 00 02 18 3D 0C 00 00 07 0D FF F6 6A 
00 FF FF 00 02 10 22 93 00 00 02 00 00 02 18 3E 0C 00 00 0A 73 FF F7 67 
00 FF FF 00 02 10 22 93 00 00 02 00 00 02 18 3F 0C 00 00 04 E6 FF F6 62 
00 FF FF 00 02 10 22 93 00 00 02 00 00 02 18 40 0C 00 00 05 85 FF F7 69 
00 FF FF 00 02 10 22 93 00 00 02 00 00 02 18 41 0C 00 00 04 31 FF F6 6A 
00 FF FF 00 02 10 22 93 00 00 02 00 00 02 18 42 0C 00 00 05 14 FF F7 6B 
00 FF FF 00 02 10 22 93 00 00 02 00 00 02 18 43 0C 00 00 04 CC FF F7 69 
00 FF FF 00 02 10 22 93 00 00 02 00 00 02 18 44 0C 00 00 01 55 FF F5 6B 
00 FF FF 00 02 10 22 93 00 00 02 00 00 02 18 45 0C 00 00 03 AB FF F6 6A 
00 FF FF 00 02 10 22 93 00 00 02 00 00 02 18 46 0C 00 00 06 F5 FF F7 6A 
00 FF FF 00 02 10 22 93 00 00 02 00 00 02 18 47 0C 00 00 07 A6 FF F8 6A 
00 FF FF 00 02 10 22 93 00 00 02 00 00 02 18 48 0C 00 00 06 F0 FF F6 6A 
00 FF FF 00 02 10 22 93 00 00 02 00 00 02 18 49 0C 00 00 05 44 FF F6 6A 
00 FF FF 00 02 10 22 93 00 00 02 00 00 02 18 4A 0C 00 00 00 E7 FF F7 6B 
00 FF FF 00 02 10 22 93 00 00 02 00 00 02 18 4B 0C 00 00 02 B8 FF F7 6B 
00 FF FF 00 02 10 22 93 00 00 02 00 00 02 18 4C 0C 00 00 05 60 FF F7 6A 
00 FF FF 00 02 10 22 93 00 00 02 00 00 02 18 4D 0C 00 00 05 BA FF F8 69 
00 FF FF 00 02 10 22 93 00 00 02 00 00 02 18 4E 0C 00 00 06 07 FF F8 68 
00 FF FF 00 02 10 22 93 00 00 02 00 00 02 18 4F 0C 00 00 06 D9 FF F8 67 
00 FF FF 00 02 10 22 93 00 00 02 00 00 02 18 50 0C 00 00 03 A4 FF F7 68 
00 FF FF 00 02 10 22 93 00 00 02 00 00 02 18 51 0C 00 00 05 DC FF F7 67 
00 FF FF 00 02 10 22 93 00 00 02 00 00 02 18 52 0C 00 00 05 3A FF F7 6A 
00 FF FF 00 02 10 22 93 00 00 02 00 00 02 18 53 0C 00 00 05 1E FF F6 67 
00 FF FF 00 02 10 22 93 00 00 02 00 00 02 18 54 0C 00 00 04 41 FF F8 69 
00 FF FF 00 02 10 22 93 00 00 02 00 00 02 18 55 0C 00 00 04 BC FF F8 6A 
00 FF FF 00 02 10 22 93 00 00 02 00 00 02 18 56 0C 00 00 05 19 FF F7 69 
00 FF FF 00 02 10 22 93 00 00 02 00 00 02 18 57 0C 00 00 02 9A FF F8 65 
00 FF FF 00 02 10 22 93 00 00 02 00 00 02 18 58 0C 00 00 06 93 FF F8 6A 
00 FF FF 00 02 10 22 93 00 00 02 00 00 02 18 59 0C 00 00 06 E4 FF F7 6B 
00 FF FF 00 02 10 22 93 00 00 02 00 00 02 18 5B 0C 00 00 09 6A FF F7 69 
00 FF FF 00 02 10 22 93 00 00 02 00 00 02 18 5C 0C 00 00 05 E5 FF F6 6A 
00 FF FF 00 02 10 22 93 00 00 02 00 00 02 18 5D 0C 00 00 05 65 FF F6 69 
00 FF FF 00 02 10 22 93 00 00 02 00 00 02 18 5E 0C 00 00 07 AC FF F7 6B 
00 FF FF 00 02 10 22 93 00 00 02 00 00 02 18 5F 0C 00 00 0A 18 FF F8 69 
00 FF FF 00 02 10 22 93 00 00 02 00 00 02 18 60 0C 00 00 07 2A FF F8 6A 
00 FF FF 00 02 10 22 93 00 00 02 00 00 02 18 61 0C 00 00 05 F1 FF F8 6A 
00 FF FF 00 02 10 22 93 00 00 02 00 00 02 18 62 0C 00 00 04 CE FF F8 6A 
00 FF FF 00 02 10 22 93 00 00 02 00 00 02 18 63 0C 00 00 04 24 FF F7 6B 
00 FF FF 00 02 10 22 93 00 00 02 00 00 02 18 64 0C 00 00 04 06 FF F7 6B 
00 FF FF 00 02 10 22 93 00 00 02 00 00 02 18 65 0C 00 00 05 61 FF F8 6A 
00 FF FF 00 02 10 22 93 00 00 02 00 00 02 18 66 0C 00 00 09 6A FF F6 69 
00 FF FF 00 02 10 22 93 00 00 02 00 00 02 18 67 0C 00 00 06 A0 FF F8 6B 
00 FF FF 00 02 10 22 93 00 00 02 00 00 02 18 68 0C 00 00 04 94 FF F8 6B 
00 FF FF 00 02 10 22 93 00 00 02 00 00 02 18 69 0C 00 00 0A 6C FF F6 6B 
00 FF FF 00 02 10 22 93 00 00 02 00 00 02 18 6A 0C 00 00 06 5B FF F7 6A 
00 FF FF 00 02 10 22 93 00 00 02 00 00 02 18 6B 0C 00 00 04 11 FF F8 6B 
00 FF FF 00 02 10 22 93 00 00 02 00 00 02 18 6C 0C 00 00 03 1D FF F8 69 
00 FF FF 00 02 10 22 93 00 00 02 00 00 02 18 6D 0C 00 00 04 01 FF F8 6A 
00 FF FF 00 02 10 22 93 00 00 02 00 00 02 18 6E 0C 00 00 01 51 FF F8 66 
00 FF FF 00 02 10 22 93 00 00 02 00 00 02 18 6F 0C 00 00 00 90 FF F7 69 
00 FF FF 00 02 10 22 93 00 00 02 00 00 02 18 70 0C 00 00 09 6F FF F7 6A 
00 FF FF 00 02 10 22 93 00 00 02 00 00 02 18 71 0C 00 00 04 2B FF F8 69 
00 FF FF 00 02 10 22 93 00 00 02 00 00 02 18 72 0C 00 00 06 4A FF F6 6B 
00 FF FF 00 02 10 22 93 00 00 02 00 00 02 18 73 0C 00 00 04 EC FF F7 6A 
00 FF FF 00 02 10 22 93 00 00 02 00 00 02 18 74 0C 00 00 03 5C FF F7 6B 
00 FF FF 00 02 10 22 93 00 00 02 00 00 02 18 75 0C 00 00 04 C6 FF F8 68 
00 FF FF 00 02 10 22 93 00 00 02 00 00 02 18 76 0C 00 00 03 FC FF F5 6B 
00 FF FF 00 02 10 22 93 00 00 02 00 00 02 18 77 0C 00 00 01 AA FF F8 6A 
00 FF FF 00 02 10 22 93 00 00 02 00 00 02 18 78 0C 00 00 02 CC FF F8 6A 
00 FF FF 00 02 10 22 93 00 00 02 00 00 02 18 79 0C 00 00 01 D0 FF F4 69 
00 FF FF 00 02 10 22 93 00 00 02 00 00 02 18 7A 0C 00 00 07 BB FF F7 69 
00 FF FF 00 02 10 22 93 00 00 02 00 00 02 18 7B 0C 00 00 07 9B FF F7 6A 
00 FF FF 00 02 10 22 93 00 00 02 00 00 02 18 7C 0C 00 00 02 60 FF F7 68 
00 FF FF 00 02 10 22 93 00 00 02 00 00 02 18 7D 0C 00 00 01 2C FF F8 69 
00 FF FF 00 02 10 22 93 00 00 02 00 00 02 18 7E 0C 00 00 05 62 FF F7 69 
00 FF FF 00 02 10 22 93 00 00 02 00 00 02 18 7F 0C 00 00 02 E0 FF F8 66 
00 FF FF 00 02 10 22 93 00 00 02 00 00 02 18 80 0C 00 00 00 B1 FF F7 69 
00 FF FF 00 02 10 22 93 00 00 02 00 00 02 18 81 0C 00 00 04 5B FF F6 67 
00 FF FF 00 02 10 22 93 00 00 02 00 00 02 18 82 0C 00 00 05 48 FF F8 6B 
00 FF FF 00 02 10 22 93 00 00 02 00 00 02 18 83 0C 00 00 03 4B FF F8 67 
00 FF FF 00 02 10 22 93 00 00 02 00 00 02 18 84 0C 00 00 05 0A FF F7 6A 
00 FF FF 00 02 10 22 93 00 00 02 00 00 02 18 85 0C 00 00 04 02 FF F8 69 
00 FF FF 00 02 10 22 93 00 00 02 00 00 02 18 87 0C 00 00 06 52 FF F7 6A 
00 FF FF 00 02 10 22 93 00 00 02 00 00 02 18 88 0C 00 00 0A C9 FF F8 6B 
00 FF FF 00 02 10 22 93 00 00 02 00 00 02 18 89 0C 00 00 08 AE FF F7 6A 
00 FF FF 00 02 10 22 93 00 00 02 00 00 02 18 8A 0C 00 00 04 A6 FF F8 69 
00 FF FF 00 02 10 22 93 00 00 02 00 00 02 18 8B 0C 00 00 04 BA FF F6 6B 
00 FF FF 00 02 10 22 93 00 00 02 00 00 02 18 8C 0C 00 00 00 EB FF F5 66 
00 FF FF 00 02 10 22 93 00 00 02 00 00 02 18 8D 0C 00 00 01 AA FF F6 64 
00 FF FF 00 02 10 22 93 00 00 02 00 00 02 18 8E 0C 00 00 08 13 FF F6 69 
00 FF FF 00 02 10 22 93 00 00 02 00 00 02 18 8F 0C 00 00 05 17 FF F6 65 
00 FF FF 00 02 10 22 93 00 00 02 00 00 02 18 90 0C 00 00 01 89 FF F5 68 
00 FF FF 00 02 10 22 93 00 00 02 00 00 02 18 91 0C 00 00 07 83 FF F8 6B 
00 FF FF 00 02 10 22 93 00 00 02 00 00 02 18 92 0C 00 00 07 FD FF F8 69 
00 FF FF 00 02 10 22 93 00 00 02 00 00 02 18 93 0C 00 00 04 42 FF F8 6B 
00 FF FF 00 02 10 22 93 00 00 02 00 00 02 18 94 0C 00 00 05 BF FF F8 69 
00 FF FF 00 02 10 22 93 00 00 02 00 00 02 18 95 0C 00 00 08 1C FF F8 69 
00 FF FF 00 02 10 22 93 00 00 02 00 00 02 18 96 0C 00 00 05 7A FF F7 6B 
00 FF FF 00 02 10 22 93 00 00 02 00 00 02 18 97 0C 00 00 09 41 FF F6 6A 
00 FF FF 00 02 10 22 93 00 00 02 00 00 02 18 98 0C 00 00 02 85 FF F8 68 
00 FF FF 00 02 10 22 93 00 00 02 00 00 02 18 99 0C 00 00 04 D7 FF F8 6A 
00 FF FF 00 02 10 22 93 00 00 02 00 00 02 18 9A 0C 00 00 02 A8 FF F6 6B 
00 FF FF 00 02 10 22 93 00 00 02 00 00 02 18 9B 0C 00 00 04 89 FF F8 66 
00 FF FF 00 02 10 22 93 00 00 02 00 00 02 18 9C 0C 00 00 08 F5 FF FA 6B 
00 FF FF 00 02 10 22 93 00 00 02 00 00 02 18 9D 0C 00 00 04 30 FF FA 69 
00 FF FF 00 02 10 22 93 00 00 02 00 00 02 18 9E 0C 00 00 06 29 FF FA 65 
00 FF FF 00 02 10 22 93 00 00 02 00 00 02 18 9F 0C 00 00 07 28 FF F9 66 
00 FF FF 00 02 10 22 93 00 00 02 00 00 02 18 A0 0C 00 00 03 6D FF F9 67 
00 FF FF 00 02 10 22 93 00 00 02 00 00 02 18 A1 0C 00 00 04 02 FF FA 6B 
00 FF FF 00 02 10 22 93 00 00 02 00 00 02 18 A2 0C 00 00 09 4B FF FA 6B 
00 FF FF 00 02 10 22 93 00 00 02 00 00 02 18 A3 0C 00 00 06 AF FF FA 6C 
00 FF FF 00 02 10 22 93 00 00 02 00 00 02 18 A4 0C 00 00 03 81 FF FA 69 
00 FF FF 00 02 10 22 93 00 00 02 00 00 02 18 A5 0C 00 00 06 A3 FF FA 69 
00 FF FF 00 02 10 22 93 00 00 02 00 00 02 18 A6 0C 00 00 05 DE FF F9 6A 
00 FF FF 00 02 10 22 93 00 00 02 00 00 02 18 A7 0C 00 00 02 C1 FF F9 6B 
00 FF FF 00 02 10 22 93 00 00 02 00 00 02 18 A8 0C 00 00 02 B2 FF FA 69 
00 FF FF 00 02 10 22 93 00 00 02 00 00 02 18 A9 0C 00 00 04 74 FF FA 69 
00 FF FF 00 02 10 22 93 00 00 02 00 00 02 18 AA 0C 00 00 02 F7 FF FA 6B 
00 FF FF 00 02 10 22 93 00 00 02 00 00 02 18 AB 0C 00 00 05 5D FF FA 6A 
00 FF FF 00 02 10 22 93 00 00 02 00 00 02 18 AC 0C 00 00 02 A4 FF F9 67 
00 FF FF 00 02 10 22 93 00 00 02 00 00 02 18 AD 0C 00 00 02 28 FF FA 6B 
00 FF FF 00 02 10 22 93 00 00 02 00 00 02 18 AE 0C 00 00 03 3D FF FA 62 
00 FF FF 00 02 10 22 93 00 00 02 00 00 02 18 AF 0C 00 00 05 47 FF F9 66 
00 FF FF 00 02 10 22 93 00 00 02 00 00 02 18 B0 0C 00 00 05 FA FF FA 6A 
00 FF FF 00 02 10 22 93 00 00 02 00 00 02 18 B1 0C 00 00 04 38 FF FA 6A 
00 FF FF 00 02 10 22 93 00 00 02 00 00 02 18 B2 0C 00 00 04 59 FF FA 6A 
00 FF FF 00 02 10 22 93 00 00 02 00 00 02 18 B3 0C 00 00 05 59 FF FA 6A 
00 FF FF 00 02 10 22 93 00 00 02 00 00 02 18 B4 0C 00 00 0B B2 FF F7 69 
00 FF FF 00 02 10 22 93 00 00 02 00 00 02 18 B5 0C 00 00 03 CB FF F8 6B 
00 FF FF 00 02 10 22 93 00 00 02 00 00 02 18 B6 0C 00 00 06 41 FF F9 69 
00 FF FF 00 02 10 22 93 00 00 02 00 00 02 18 B7 0C 00 00 0D 5B FF F8 6A 
00 FF FF 00 02 10 22 93 00 00 02 00 00 02 18 B8 0C 00 00 07 78 FF F8 6B 
00 FF FF 00 02 10 22 93 00 00 02 00 00 02 18 B9 0C 00 00 04 CD FF F8 6A 
00 FF FF 00 02 10 22 93 00 00 02 00 00 02 18 BA 0C 00 00 06 A3 FF F8 69 
00 FF FF 00 02 10 22 93 00 00 02 00 00 02 18 BB 0C 00 00 02 73 FF F7 6A 
00 FF FF 00 02 10 22 93 00 00 02 00 00 02 18 BC 0C 00 00 06 8E FF F7 6A 
00 FF FF 00 02 10 22 93 00 00 02 00 00 02 18 BD 0C 00 00 02 B2 FF F8 6B 
00 FF FF 00 02 10 22 93 00 00 02 00 00 02 18 BE 0C 00 00 02 E4 FF F9 6A 
00 FF FF 00 02 10 22 93 00 00 02 00 00 02 18 BF 0C 00 00 05 9E FF F9 69 
00 FF FF 00 02 10 22 93 00 00 02 00 00 02 18 C0 0C 00 00 03 10 FF F9 6B 
00 FF FF 00 02 10 22 93 00 00 02 00 00 02 18 C1 0C 00 00 03 D5 FF F8 6A 
00 FF FF 00 02 10 22 93 00 00 02 00 00 02 18 C2 0C 00 00 04 4B FF F9 6A 
00 FF FF 00 02 10 22 93 00 00 02 00 00 02 18 C3 0C 00 00 01 30 FF F8 6A 
00 FF FF 00 02 10 22 93 00 00 02 00 00 02 18 C4 0C 00 00 02 24 FF F8 69 
00 FF FF 00 02 10 22 93 00 00 02 00 00 02 18 C5 0C 00 00 07 3F FF F7 67 
00 FF FF 00 02 10 22 93 00 00 02 00 00 02 18 C6 0C 00 00 07 A3 FF F8 68 
00 FF FF 00 02 10 22 93 00 00 02 00 00 02 18 C7 0C 00 00 04 2A FF F8 66 
00 FF FF 00 02 10 22 93 00 00 02 00 00 02 18 C8 0C 00 00 03 19 FF F7 6A 
00 FF FF 00 02 10 22 93 00 00 02 00 00 02 18 C9 0C 00 00 05 25 FF F8 69 
00 FF FF 00 02 10 22 93 00 00 02 00 00 02 18 CA 0C 00 00 05 51 FF F8 6B 
00 FF FF 00 02 10 22 93 00 00 02 00 00 02 18 CB 0C 00 00 05 79 FF F7 68 
00 FF FF 00 02 10 22 93 00 00 02 00 00 02 18 CC 0C 00 00 07 3E FF F8 6B 
00 FF FF 00 02 10 22 93 00 00 02 00 00 02 18 CD 0C 00 00 08 29 FF F7 6B 
00 FF FF 00 02 10 22 93 00 00 02 00 00 02 18 CE 0C 00 00 01 EF FF F8 69 
00 FF FF 00 02 10 22 93 00 00 02 00 00 02 18 CF 0C 00 00 07 37 FF F8 6A 
00 FF FF 00 02 10 22 93 00 00 02 00 00 02 18 D0 0C 00 00 09 98 FF F8 69 
00 FF FF 00 02 10 22 93 00 00 02 00 00 02 18 D1 0C 00 00 05 26 FF F7 69 
00 FF FF 00 02 10 22 93 00 00 02 00 00 02 18 D2 0C 00 00 05 76 FF F7 6A 
00 FF FF 00 02 10 22 93 00 00 02 00 00 02 18 D3 0C 00 00 09 41 FF F7 69 
00 FF FF 00 02 10 22 93 00 00 02 00 00 02 18 D4 0C 00 00 04 05 FF F8 6A 
00 FF FF 00 02 10 22 93 00 00 02 00 00 02 18 D5 0C 00 00 05 70 FF F9 6B 
00 FF FF 00 02 10 22 93 00 00 02 00 00 02 18 D6 0C 00 00 03 1D FF F7 6B 
00 FF FF 00 02 10 22 93 00 00 02 00 00 02 18 D7 0C 00 00 01 0E FF F6 6B 
00 FF FF 00 02 10 22 93 00 00 02 00 00 02 18 D9 0C 00 00 08 AB FF F6 68 
00 FF FF 00 02 10 22 93 00 00 02 00 00 02 18 DA 0C 00 00 01 AC FF F4 6A 
00 FF FF 00 02 10 22 93 00 00 02 00 00 02 18 DB 0C 00 00 04 97 FF F6 69 
00 FF FF 00 02 10 22 93 00 00 02 00 00 02 18 DC 0C 00 00 07 74 FF F6 6A 
00 FF FF 00 02 10 22 93 00 00 02 00 00 02 18 DD 0C 00 00 05 42 FF F5 6B 
00 FF FF 00 02 10 22 93 00 00 02 00 00 02 18 DE 0C 00 00 07 88 FF F6 6A 
00 FF FF 00 02 10 22 93 00 00 02 00 00 02 18 DF 0C 00 00 07 BC FF F5 66 
00 FF FF 00 02 10 22 93 00 00 02 00 00 02 18 E0 0C 00 00 06 2F FF F5 68 
00 FF FF 00 02 10 22 93 00 00 02 00 00 02 18 E1 0C 00 00 01 73 FF F6 68 
00 FF FF 00 02 10 22 93 00 00 02 00 00 02 18 E2 0C 00 00 01 B9 FF F6 6A 
00 FF FF 00 02 10 22 93 00 00 02 00 00 02 18 E3 0C 00 00 04 C8 FF F6 68 
00 FF FF 00 02 10 22 93 00 00 02 00 00 02 18 E4 0C 00 00 06 4D FF F5 6A 
00 FF FF 00 02 10 22 93 00 00 02 00 00 02 18 E5 0C 00 00 05 37 FF F7 6A 
00 FF FF 00 02 10 22 93 00 00 02 00 00 02 18 E6 0C 00 00 04 94 FF F8 6A 
00 FF FF 00 02 10 22 93 00 00 02 00 00 02 18 E7 0C 00 00 03 26 FF F7 64 
00 FF FF 00 02 10 22 93 00 00 02 00 00 02 18 E8 0C 00 00 04 37 FF F7 64 
00 FF FF 00 02 10 22 93 00 00 02 00 00 02 18 E9 0C 00 00 02 55 FF F6 68 
00 FF FF 00 02 10 22 93 00 00 02 00 00 02 18 EA 0C 00 00 04 B4 FF F7 6A 
00 FF FF 00 02 10 22 93 00 00 02 00 00 02 18 EB 0C 00 00 05 D2 FF F8 6B 
00 FF FF 00 02 10 22 93 00 00 02 00 00 02 18 EC 0C 00 00 02 8E FF F5 68 
00 FF FF 00 02 10 22 93 00 00 02 00 00 02 18 ED 0C 00 00 03 3B FF F7 69 
00 FF FF 00 02 10 22 93 00 00 02 00 00 02 18 EE 0C 00 00 03 63 FF F8 63 
00 FF FF 00 02 10 22 93 00 00 02 00 00 02 18 EF 0C 00 00 05 8E FF F7 6A 
00 FF FF 00 02 10 22 93 00 00 02 00 00 02 18 F0 0C 00 00 05 CB FF F7 6B 
00 FF FF 00 02 10 22 93 00 00 02 00 00 02 18 F1 0C 00 00 05 05 FF F6 6A 
00 FF FF 00 02 10 22 93 00 00 02 00 00 02 18 F3 0C 00 00 05 52 FF F7 6A 
00 FF FF 00 02 10 22 93 00 00 02 00 00 02 18 F4 0C 00 00 04 CA FF F6 66 
00 FF FF 00 02 10 22 93 00 00 02 00 00 02 18 F5 0C 00 00 06 7C FF F8 6A 
00 FF FF 00 02 10 22 93 00 00 02 00 00 02 18 F6 0C 00 00 04 55 FF F8 69 
00 FF FF 00 02 10 22 93 00 00 02 00 00 02 18 F7 0C 00 00 01 0F FF F7 6A 
00 FF FF 00 02 10 22 93 00 00 02 00 00 02 18 F8 0C 00 00 02 7E FF F7 69 
00 FF FF 00 02 10 22 93 00 00 02 00 00 02 18 F9 0C 00 00 00 AD FF F7 68 
00 FF FF 00 02 10 22 93 00 00 02 00 00 02 18 FA 0C 00 00 01 D5 FF F8 61 
00 FF FF 00 02 10 22 93 00 00 02 00 00 02 18 FB 0C 00 00 00 65 FF F7 69 
00 FF FF 00 02 10 22 93 00 00 02 00 00 02 18 FC 0C 00 00 05 D1 FF F7 68 
00 FF FF 00 02 10 22 93 00 00 02 00 00 02 18 FD 0C 00 00 02 F8 FF F5 68 
00 FF FF 00 02 10 22 93 00 00 02 00 00 02 18 FE 0C 00 00 03 06 FF F4 69 
00 FF FF 00 02 10 22 93 00 00 02 00 00 02 18 FF 0C 00 00 04 14 FF F6 6A 
00 FF FF 00 02 10 22 93 00 00 02 00 00 02 19 00 0C 00 00 03 DF FF F6 65 
00 FF FF 00 02 10 22 93 00 00 02 00 00 02 19 01 0C 00 00 04 9D FF F7 67 
00 FF FF 00 02 10 22 93 00 00 02 00 00 02 19 03 0C 00 00 02 BE FF F6 68 
00 FF FF 00 02 10 22 93 00 00 02 00 00 02 19 04 0C 00 00 05 9C FF F6 6A 
00 FF FF 00 02 10 22 93 00 00 02 00 00 02 19 05 0C 00 00 04 B3 FF F6 6B 
00 FF FF 00 02 10 22 93 00 00 02 00 00 02 19 06 0C 00 00 01 50 FF F7 6A 
00 FF FF 00 02 10 22 93 00 00 02 00 00 02 19 07 0C 00 00 03 B7 FF F6 6B 
00 FF FF 00 02 10 22 93 00 00 02 00 00 02 19 08 0C 00 00 06 00 FF F5 69 
00 FF FF 00 02 10 22 93 00 00 02 00 00 02 19 09 0C 00 00 06 04 FF F4 64 
00 FF FF 00 02 10 22 93 00 00 02 00 00 02 19 0A 0C 00 00 01 2C FF F8 69 
00 FF FF 00 02 10 22 93 00 00 02 00 00 02 19 0B 0C 00 00 06 42 FF F7 6A 
00 FF FF 00 02 10 22 93 00 00 02 00 00 02 19 0C 0C 00 00 08 E7 FF F8 6A 
00 FF FF 00 02 10 22 93 00 00 02 00 00 02 19 0D 0C 00 00 04 AD FF F9 6A 
00 FF FF 00 02 10 22 93 00 00 02 00 00 02 19 0E 0C 00 00 04 78 FF FA 69 
00 FF FF 00 02 10 22 93 00 00 02 00 00 02 19 0F 0C 00 00 06 9A FF F8 69 
00 FF FF 00 02 10 22 93 00 00 02 00 00 02 19 10 0C 00 00 02 7E FF F7 64 
00 FF FF 00 02 10 22 93 00 00 02 00 00 02 19 11 0C 00 00 06 0C FF F8 68 
00 FF FF 00 02 10 22 93 00 00 02 00 00 02 19 12 0C 00 00 04 0F FF F6 6A 
00 FF FF 00 02 10 22 93 00 00 02 00 00 02 19 13 0C 00 00 01 07 FF F8 6B 
00 FF FF 00 02 10 22 93 00 00 02 00 00 02 19 14 0C 00 00 04 22 FF F7 6A 
00 FF FF 00 02 10 22 93 00 00 02 00 00 02 19 15 0C 00 00 02 96 FF F8 69 
00 FF FF 00 02 10 22 93 00 00 02 00 00 02 19 16 0C 00 00 02 72 FF F8 69 
00 FF FF 00 02 10 22 93 00 00 02 00 00 02 19 17 0C 00 00 02 58 FF F8 6B 
00 FF FF 00 02 10 22 93 00 00 02 00 00 02 19 18 0C 00 00 07 B3 FF F7 6B 
00 FF FF 00 02 10 22 93 00 00 02 00 00 02 19 19 0C 00 00 04 66 FF F7 67 
00 FF FF 00 02 10 22 93 00 00 02 00 00 02 19 1A 0C 00 00 05 44 FF F9 68 
00 FF FF 00 02 10 22 93 00 00 02 00 00 02 19 1B 0C 00 00 06 DE FF F8 6B 
00 FF FF 00 02 10 22 93 00 00 02 00 00 02 19 1C 0C 00 00 03 7F FF FA 6A 
00 FF FF 00 02 10 22 93 00 00 02 00 00 02 19 1D 0C 00 00 06 9E FF F8 6B 
00 FF FF 00 02 10 22 93 00 00 02 00 00 02 19 1E 0C 00 00 05 EF FF F9 6A 
00 FF FF 00 02 10 22 93 00 00 02 00 00 02 19 1F 0C 00 00 06 2A FF F8 6B 
00 FF FF 00 02 10 22 93 00 00 02 00 00 02 19 20 0C 00 00 0A 22 FF F6 6B 
00 FF FF 00 02 10 22 93 00 00 02 00 00 02 19 21 0C 00 00 07 04 FF F7 6A 
00 FF FF 00 02 10 22 93 00 00 02 00 00 02 19 23 0C 00 00 00 8A FF F7 67 
00 FF FF 00 02 10 22 93 00 00 02 00 00 02 19 24 0C 00 00 00 9D FF F8 69 
00 FF FF 00 02 10 22 93 00 00 02 00 00 02 19 25 0C 00 00 02 C3 FF F8 66 
00 FF FF 00 02 10 22 93 00 00 02 00 00 02 19 26 0C 00 00 03 BE FF F8 6B 
00 FF FF 00 02 10 22 93 00 00 02 00 00 02 19 27 0C 00 00 05 50 FF F8 6B 
00 FF FF 00 02 10 22 93 00 00 02 00 00 02 19 28 0C 00 00 0A C2 FF F8 6A 
00 FF FF 00 02 10 22 93 00 00 02 00 00 02 19 29 0C 00 00 06 19 FF F8 6A 
00 FF FF 00 02 10 22 93 00 00 02 00 00 02 19 2A 0C 00 00 05 A6 FF F7 69 
00 FF FF 00 02 10 22 93 00 00 02 00 00 02 19 2B 0C 00 00 05 BE FF F7 69 
00 FF FF 00 02 10 22 93 00 00 02 00 00 02 19 2C 0C 00 00 02 A0 FF F8 69 
00 FF FF 00 02 10 22 93 00 00 02 00 00 02 19 2D 0C 00 00 07 7B FF F8 6B 
00 FF FF 00 02 10 22 93 00 00 02 00 00 02 19 2F 0C 00 00 03 53 FF F9 6B 
00 FF FF 00 02 10 22 93 00 00 02 00 00 02 19 30 0C 00 00 05 AF FF F8 6A 
00 FF FF 00 02 10 22 93 00 00 02 00 00 02 19 31 0C 00 00 06 C0 FF F8 66 
00 FF FF 00 02 10 22 93 00 00 02 00 00 02 19 32 0C 00 00 02 5D FF F7 6A 
00 FF FF 00 02 10 22 93 00 00 02 00 00 02 19 33 0C 00 00 02 46 FF F8 6A 
00 FF FF 00 02 10 22 93 00 00 02 00 00 02 19 34 0C 00 00 03 96 FF F6 6B 
00 FF FF 00 02 10 22 93 00 00 02 00 00 02 19 35 0C 00 00 07 7D FF F8 69 
00 FF FF 00 02 10 22 93 00 00 02 00 00 02 19 36 0C 00 00 03 F5 FF F8 6B 
00 FF FF 00 02 10 22 93 00 00 02 00 00 02 19 37 0C 00 00 03 59 FF F8 6A 
00 FF FF 00 02 10 22 93 00 00 02 00 00 02 19 38 0C 00 00 05 56 FF F8 69 
00 FF FF 00 02 10 22 93 00 00 02 00 00 02 19 39 0C 00 00 02 66 FF F7 64 
00 FF FF 00 02 10 22 93 00 00 02 00 00 02 19 3A 0C 00 00 05 FE FF F8 68 
00 FF FF 00 02 10 22 93 00 00 02 00 00 02 19 3C 0C 00 00 02 E9 FF F7 6A 
00 FF FF 00 02 10 22 93 00 00 02 00 00 02 19 3D 0C 00 00 08 C8 FF F8 69 
00 FF FF 00 02 10 22 93 00 00 02 00 00 02 19 3E 0C 00 00 06 59 FF F8 69 
00 FF FF 00 02 10 22 93 00 00 02 00 00 02 19 3F 0C 00 00 03 B8 FF F8 6B 
00 FF FF 00 02 10 22 93 00 00 02 00 00 02 19 41 0C 00 00 02 B2 FF F7 6A 
00 FF FF 00 02 10 22 93 00 00 02 00 00 02 19 42 0C 00 00 05 C9 FF F8 67 
00 FF FF 00 02 10 22 93 00 00 02 00 00 02 19 43 0C 00 00 07 52 FF F9 67 
00 FF FF 00 02 10 22 93 00 00 02 00 00 02 19 44 0C 00 00 05 FF FF F9 6A 
00 FF FF 00 02 10 22 93 00 00 02 00 00 02 19 45 0C 00 00 08 9A FF F8 68 
00 FF FF 00 02 10 22 93 00 00 02 00 00 02 19 46 0C 00 00 0A FA FF F8 6A 
00 FF FF 00 02 10 22 93 00 00 02 00 00 02 19 47 0C 00 00 04 51 FF F9 69 
00 FF FF 00 02 10 22 93 00 00 02 00 00 02 19 48 0C 00 00 06 1A FF F9 69 
00 FF FF 00 02 10 22 93 00 00 02 00 00 02 19 4A 0C 00 00 05 CB FF F9 6B 
00 FF FF 00 02 10 22 93 00 00 02 00 00 02 19 4B 0C 00 00 0A A5 FF F9 6B 
00 FF FF 00 02 10 22 93 00 00 02 00 00 02 19 4C 0C 00 00 05 7A FF FA 68 
00 FF FF 00 02 10 22 93 00 00 02 00 00 02 19 4D 0C 00 00 05 80 FF FA 69 
00 FF FF 00 02 10 22 93 00 00 02 00 00 02 19 4E 0C 00 00 05 C6 FF F9 6A 
00 FF FF 00 02 10 22 93 00 00 02 00 00 02 19 4F 0C 00 00 04 8D FF F8 6A 
00 FF FF 00 02 10 22 93 00 00 02 00 00 02 19 50 0C 00 00 03 8A FF F9 69 
00 FF FF 00 02 10 22 93 00 00 02 00 00 02 19 51 0C 00 00 0A 0E FF F8 6B 
00 FF FF 00 02 10 22 93 00 00 02 00 00 02 19 52 0C 00 00 04 58 FF F8 69 
00 FF FF 00 02 10 22 93 00 00 02 00 00 02 19 53 0C 00 00 02 64 FF F8 6B 
00 FF FF 00 02 10 22 93 00 00 02 00 00 02 19 54 0C 00 00 05 97 FF F8 6B 
00 FF FF 00 02 10 22 93 00 00 02 00 00 02 19 55 0C 00 00 04 83 FF F8 6B 
00 FF FF 00 02 10 22 93 00 00 02 00 00 02 19 56 0C 00 00 00 D1 FF F8 6B 
00 FF FF 00 02 10 22 93 00 00 02 00 00 02 19 57 0C 00 00 04 AC FF F8 68 
00 FF FF 00 02 10 22 93 00 00 02 00 00 02 19 58 0C 00 00 02 3A FF F8 69 
00 FF FF 00 02 10 22 93 00 00 02 00 00 02 19 59 0C 00 00 03 A8 FF F8 69 
00 FF FF 00 02 10 22 93 00 00 02 00 00 02 19 5A 0C 00 00 02 FA FF F7 6A 
00 FF FF 00 02 10 22 93 00 00 02 00 00 02 19 5B 0C 00 00 01 3C FF F8 6A 
00 FF FF 00 02 10 22 93 00 00 02 00 00 02 19 5C 0C 00 00 02 98 FF F7 6B 
00 FF FF 00 02 10 22 93 00 00 02 00 00 02 19 5D 0C 00 00 04 BA FF F8 6B 
00 FF FF 00 02 10 22 93 00 00 02 00 00 02 19 5E 0C 00 00 06 60 FF F8 69 
00 FF FF 00 02 10 22 93 00 00 02 00 00 02 19 5F 0C 00 00 0A 89 FF F7 6B 
00 FF FF 00 02 10 22 93 00 00 02 00 00 02 19 60 0C 00 00 08 77 FF F8 6A 
00 FF FF 00 02 10 22 93 00 00 02 00 00 02 19 61 0C 00 00 04 FA FF F7 6B 
00 FF FF 00 02 10 22 93 00 00 02 00 00 02 19 62 0C 00 00 07 AC FF F7 68 
00 FF FF 00 02 10 22 93 00 00 02 00 00 02 19 63 0C 00 00 08 BF FF F7 68 
00 FF FF 00 02 10 22 93 00 00 02 00 00 02 19 64 0C 00 00 05 20 FF F7 6B 
00 FF FF 00 02 10 22 93 00 00 02 00 00 02 19 65 0C 00 00 01 99 FF F8 6B 
00 FF FF 00 02 10 22 93 00 00 02 00 00 02 19 66 0C 00 00 05 C0 FF F7 67 
00 FF FF 00 02 10 22 93 00 00 02 00 00 02 19 67 0C 00 00 01 E7 FF F8 6B 
00 FF FF 00 02 10 22 93 00 00 02 00 00 02 19 68 0C 00 00 02 67 FF F8 6B 
00 FF FF 00 02 10 22 93 00 00 02 00 00 02 19 69 0C 00 00 04 D2 FF F8 6B 
00 FF FF 00 02 10 22 93 00 00 02 00 00 02 19 6A 0C 00 00 05 69 FF F8 6B 
00 FF FF 00 02 10 22 93 00 00 02 00 00 02 19 6B 0C 00 00 09 C6 FF F8 6A 
00 FF FF 00 02 10 22 93 00 00 02 00 00 02 19 6C 0C 00 00 03 E5 FF F7 69 
00 FF FF 00 02 10 22 93 00 00 02 00 00 02 19 6D 0C 00 00 05 4B FF F8 68 
00 FF FF 00 02 10 22 93 00 00 02 00 00 02 19 6E 0C 00 00 02 64 FF F7 6A 
00 FF FF 00 02 10 22 93 00 00 02 00 00 02 19 6F 0C 00 00 06 02 FF F7 69 
00 FF FF 00 02 10 22 93 00 00 02 00 00 02 19 70 0C 00 00 05 A1 FF F9 6A 
00 FF FF 00 02 10 22 93 00 00 02 00 00 02 19 71 0C 00 00 09 06 FF F8 6A 
00 FF FF 00 02 10 22 93 00 00 02 00 00 02 19 72 0C 00 00 04 CE FF F8 6B 
00 FF FF 00 02 10 22 93 00 00 02 00 00 02 19 73 0C 00 00 06 8C FF F8 6B 
00 FF FF 00 02 10 22 93 00 00 02 00 00 02 19 74 0C 00 00 07 2D FF F8 6A 
00 FF FF 00 02 10 22 93 00 00 02 00 00 02 19 75 0C 00 00 03 03 FF F9 6B 
00 FF FF 00 02 10 22 93 00 00 02 00 00 02 19 76 0C 00 00 04 66 FF F8 69 
00 FF FF 00 02 10 22 93 00 00 02 00 00 02 19 77 0C 00 00 01 65 FF F8 6A 
00 FF FF 00 02 10 22 93 00 00 02 00 00 02 19 78 0C 00 00 02 12 FF FC 69 
00 FF FF 00 02 10 22 93 00 00 02 00 00 02 19 79 0C 00 00 09 FA FF FA 66 
00 FF FF 00 02 10 22 93 00 00 02 00 00 02 19 7A 0C 00 00 07 13 FF F7 68 
00 FF FF 00 02 10 22 93 00 00 02 00 00 02 19 7B 0C 00 00 07 9B FF F8 67 
00 FF FF 00 02 10 22 93 00 00 02 00 00 02 19 7C 0C 00 00 05 F6 FF F8 69 
00 FF FF 00 02 10 22 93 00 00 02 00 00 02 19 7D 0C 00 00 03 B6 FF F7 6C 
00 FF FF 00 02 10 22 93 00 00 02 00 00 02 19 7E 0C 00 00 06 06 FF F8 69 
00 FF FF 00 02 10 22 93 00 00 02 00 00 02 19 7F 0C 00 00 03 D3 FF F8 69 
00 FF FF 00 02 10 22 93 00 00 02 00 00 02 19 80 0C 00 00 02 FA FF F7 6B 
00 FF FF 00 02 10 22 93 00 00 02 00 00 02 19 82 0C 00 00 06 87 FF F7 66 
00 FF FF 00 02 10 22 93 00 00 02 00 00 02 19 83 0C 00 00 04 6E FF F6 6A 
00 FF FF 00 02 10 22 93 00 00 02 00 00 02 19 85 0C 00 00 05 75 FF F6 6A 
00 FF FF 00 02 10 22 93 00 00 02 00 00 02 19 86 0C 00 00 01 4D FF F6 6A 
00 FF FF 00 02 10 22 93 00 00 02 00 00 02 19 87 0C 00 00 07 66 FF F7 6B 
00 FF FF 00 02 10 22 93 00 00 02 00 00 02 19 88 0C 00 00 03 32 FF F7 6A 
00 FF FF 00 02 10 22 93 00 00 02 00 00 02 19 89 0C 00 00 02 56 FF F5 6B 
00 FF FF 00 02 10 22 93 00 00 02 00 00 02 19 8A 0C 00 00 01 F5 FF F5 64 
00 FF FF 00 02 10 22 93 00 00 02 00 00 02 19 8B 0C 00 00 04 F1 FF F8 68 
00 FF FF 00 02 10 22 93 00 00 02 00 00 02 19 8C 0C 00 00 02 FF FF F8 6A 
00 FF FF 00 02 10 22 93 00 00 02 00 00 02 19 8D 0C 00 00 05 23 FF F8 6A 
00 FF FF 00 02 10 22 93 00 00 02 00 00 02 19 8E 0C 00 00 03 78 FF F8 68 
00 FF FF 00 02 10 22 93 00 00 02 00 00 02 19 8F 0C 00 00 03 99 FF F7 68 
00 FF FF 00 02 10 22 93 00 00 02 00 00 02 19 90 0C 00 00 06 51 FF F8 6A 
00 FF FF 00 02 10 22 93 00 00 02 00 00 02 19 91 0C 00 00 02 A4 FF F8 6B 
00 FF FF 00 02 10 22 93 00 00 02 00 00 02 19 92 0C 00 00 01 CB FF F8 6B 
00 FF FF 00 02 10 22 93 00 00 02 00 00 02 19 93 0C 00 00 01 E5 FF F7 67 
00 FF FF 00 02 10 22 93 00 00 02 00 00 02 19 94 0C 00 00 03 F8 FF F8 6A 
00 FF FF 00 02 10 22 93 00 00 02 00 00 02 19 95 0C 00 00 02 9D FF F8 6A 
00 FF FF 00 02 10 22 93 00 00 02 00 00 02 19 96 0C 00 00 04 0B FF F7 6A 
00 FF FF 00 02 10 22 93 00 00 02 00 00 02 19 97 0C 00 00 04 64 FF F8 6A 
00 FF FF 00 02 10 22 93 00 00 02 00 00 02 19 98 0C 00 00 07 78 FF F8 6B 
00 FF FF 00 02 10 22 93 00 00 02 00 00 02 19 99 0C 00 00 06 7D FF F8 6B 
00 FF FF 00 02 10 22 93 00 00 02 00 00 02 19 9A 0C 00 00 08 94 FF F8 69 
00 FF FF 00 02 10 22 93 00 00 02 00 00 02 19 9B 0C 00 00 08 7D FF F8 6B 
00 FF FF 00 02 10 22 93 00 00 02 00 00 02 19 9C 0C 00 00 04 DC FF F8 68 
00 FF FF 00 02 10 22 93 00 00 02 00 00 02 19 9D 0C 00 00 06 F7 FF F8 68 
00 FF FF 00 02 10 22 93 00 00 02 00 00 02 19 9F 0C 00 00 06 23 FF F6 6A 
00 FF FF 00 02 10 22 93 00 00 02 00 00 02 19 A0 0C 00 00 02 6E FF F7 6B 
00 FF FF 00 02 10 22 93 00 00 02 00 00 02 19 A1 0C 00 00 08 45 FF F6 6A 
00 FF FF 00 02 10 22 93 00 00 02 00 00 02 19 A2 0C 00 00 06 9E FF F7 6A 
00 FF FF 00 02 10 22 93 00 00 02 00 00 02 19 A3 0C 00 00 12 29 FF F8 68 
00 FF FF 00 02 10 22 93 00 00 02 00 00 02 19 A4 0C 00 00 04 1D FF F7 68 
00 FF FF 00 02 10 22 93 00 00 02 00 00 02 19 A5 0C 00 00 05 06 FF F7 6B 
00 FF FF 00 02 10 22 93 00 00 02 00 00 02 19 A6 0C 00 00 06 E3 FF F7 69 
00 FF FF 00 02 10 22 93 00 00 02 00 00 02 19 A7 0C 00 00 01 B5 FF F8 6A 
00 FF FF 00 02 10 22 93 00 00 02 00 00 02 19 A8 0C 00 00 07 62 FF F7 65 
00 FF FF 00 02 10 22 93 00 00 02 00 00 02 19 A9 0C 00 00 05 74 FF F7 68 
00 FF FF 00 02 10 22 93 00 00 02 00 00 02 19 AA 0C 00 00 06 37 FF F7 68 
00 FF FF 00 02 10 22 93 00 00 02 00 00 02 19 AB 0C 00 00 07 51 FF F5 6B 
00 FF FF 00 02 10 22 93 00 00 02 00 00 02 19 AC 0C 00 00 06 E0 FF F7 6B 
00 FF FF 00 02 10 22 93 00 00 02 00 00 02 19 AD 0C 00 00 09 1C FF F7 69 
00 FF FF 00 02 10 22 93 00 00 02 00 00 02 19 AE 0C 00 00 06 3A FF F6 67 
00 FF FF 00 02 10 22 93 00 00 02 00 00 02 19 AF 0C 00 00 0A 56 FF F7 69 
00 FF FF 00 02 10 22 93 00 00 02 00 00 02 19 B0 0C 00 00 03 78 FF F5 68 
00 FF FF 00 02 10 22 93 00 00 02 00 00 02 19 B1 0C 00 00 07 84 FF F6 62 
00 FF FF 00 02 10 22 93 00 00 02 00 00 02 19 B2 0C 00 00 07 01 FF F6 6B 
00 FF FF 00 02 10 22 93 00 00 02 00 00 02 19 B3 0C 00 00 07 90 FF F6 6B 
00 FF FF 00 02 10 22 93 00 00 02 00 00 02 19 B4 0C 00 00 06 B3 FF F7 6B 
00 FF FF 00 02 10 22 93 00 00 02 00 00 02 19 B5 0C 00 00 08 B9 FF F5 69 
00 FF FF 00 02 10 22 93 00 00 02 00 00 02 19 B6 0C 00 00 04 E7 FF F7 6A 
00 FF FF 00 02 10 22 93 00 00 02 00 00 02 19 B7 0C 00 00 08 A9 FF F6 67 
00 FF FF 00 02 10 22 93 00 00 02 00 00 02 19 B8 0C 00 00 04 87 FF F7 6A 
00 FF FF 00 02 10 22 93 00 00 02 00 00 02 19 B9 0C 00 00 06 00 FF F7 6A 
00 FF FF 00 02 10 22 93 00 00 02 00 00 02 19 BA 0C 00 00 05 D3 FF F6 6A 
00 FF FF 00 02 10 22 93 00 00 02 00 00 02 19 BB 0C 00 00 03 D2 FF F8 6A 
00 FF FF 00 02 10 22 93 00 00 02 00 00 02 19 BC 0C 00 00 04 A3 FF F7 68 
00 FF FF 00 02 10 22 93 00 00 02 00 00 02 19 BD 0C 00 00 02 2D FF F7 6B 
00 FF FF 00 02 10 22 93 00 00 02 00 00 02 19 BE 0C 00 00 05 D7 FF F7 6B 
00 FF FF 00 02 10 22 93 00 00 02 00 00 02 19 BF 0C 00 00 05 73 FF F5 69 
00 FF FF 00 02 10 22 93 00 00 02 00 00 02 19 C1 0C 00 00 01 EF FF F6 69 
00 FF FF 00 02 10 22 93 00 00 02 00 00 02 19 C2 0C 00 00 05 95 FF F7 69 
00 FF FF 00 02 10 22 93 00 00 02 00 00 02 19 C3 0C 00 00 04 9A FF F7 60 
00 FF FF 00 02 10 22 93 00 00 02 00 00 02 19 C4 0C 00 00 00 79 FF F6 6B 
00 FF FF 00 02 10 22 93 00 00 02 00 00 02 19 C5 0C 00 00 03 2A FF F6 69 
00 FF FF 00 02 10 22 93 00 00 02 00 00 02 19 C6 0C 00 00 00 D9 FF F7 68 
00 FF FF 00 02 10 22 93 00 00 02 00 00 02 19 C7 0C 00 00 01 E9 FF F7 68 
00 FF FF 00 02 10 22 93 00 00 02 00 00 02 19 C8 0C 00 00 01 4C FF F7 69 
00 FF FF 00 02 10 22 93 00 00 02 00 00 02 19 C9 0C 00 00 02 C5 FF F6 6A 
00 FF FF 00 02 10 22 93 00 00 02 00 00 02 19 CA 0C 00 00 01 66 FF F6 68 
00 FF FF 00 02 10 22 93 00 00 02 00 00 02 19 CB 0C 00 00 00 F6 FF F7 68 
00 FF FF 00 02 10 22 93 00 00 02 00 00 02 19 CC 0C 00 00 01 91 FF F6 68 
00 FF FF 00 02 10 22 93 00 00 02 00 00 02 19 CD 0C 00 00 04 AE FF F5 6B 
00 FF FF 00 02 10 22 93 00 00 02 00 00 02 19 CE 0C 00 00 02 20 FF F6 6A 
00 FF FF 00 02 10 22 93 00 00 02 00 00 02 19 CF 0C 00 00 01 92 FF F5 6B 
00 FF FF 00 02 10 22 93 00 00 02 00 00 02 19 D0 0C 00 00 04 E6 FF F4 68 
00 FF FF 00 02 10 22 93 00 00 02 00 00 02 19 D1 0C 00 00 03 7E FF F6 6B 
00 FF FF 00 02 10 22 93 00 00 02 00 00 02 19 D2 0C 00 00 03 57 FF F8 6B 
00 FF FF 00 02 10 22 93 00 00 02 00 00 02 19 D3 0C 00 00 01 EC FF F8 6A 
00 FF FF 00 02 10 22 93 00 00 02 00 00 02 19 D4 0C 00 00 01 DE FF F7 64 
00 FF FF 00 02 10 22 93 00 00 02 00 00 02 19 D5 0C 00 00 02 4E FF F8 6B 
00 FF FF 00 02 10 22 93 00 00 02 00 00 02 19 D6 0C 00 00 04 1A FF F8 63 
00 FF FF 00 02 10 22 93 00 00 02 00 00 02 19 D7 0C 00 00 03 40 FF F8 67 
00 FF FF 00 02 10 22 93 00 00 02 00 00 02 19 D8 0C 00 00 07 67 FF F6 69 
00 FF FF 00 02 10 22 93 00 00 02 00 00 02 19 D9 0C 00 00 07 30 FF F8 6A 
00 FF FF 00 02 10 22 93 00 00 02 00 00 02 19 DA 0C 00 00 02 F6 FF F7 6B 
00 FF FF 00 02 10 22 93 00 00 02 00 00 02 19 DB 0C 00 00 03 0C FF F7 68 
00 FF FF 00 02 10 22 93 00 00 02 00 00 02 19 DC 0C 00 00 02 B2 FF F6 6B 
00 FF FF 00 02 10 22 93 00 00 02 00 00 02 19 DD 0C 00 00 04 AA FF F8 68 
00 FF FF 00 02 10 22 93 00 00 02 00 00 02 19 DE 0C 00 00 07 23 FF F6 69 
00 FF FF 00 02 10 22 93 00 00 02 00 00 02 19 DF 0C 00 00 04 D3 FF F6 6A 
00 FF FF 00 02 10 22 93 00 00 02 00 00 02 19 E0 0C 00 00 04 43 FF F7 68 
00 FF FF 00 02 10 22 93 00 00 02 00 00 02 19 E1 0C 00 00 04 69 FF F6 68 
00 FF FF 00 02 10 22 93 00 00 02 00 00 02 19 E2 0C 00 00 05 9E FF F7 6A 
00 FF FF 00 02 10 22 93 00 00 02 00 00 02 19 E3 0C 00 00 04 2B FF F6 6B 
00 FF FF 00 02 10 22 93 00 00 02 00 00 02 19 E4 0C 00 00 05 5E FF F8 69 
00 FF FF 00 02 10 22 93 00 00 02 00 00 02 19 E5 0C 00 00 01 A2 FF F8 69 
00 FF FF 00 02 10 22 93 00 00 02 00 00 02 19 E6 0C 00 00 08 91 FF F8 6B 
00 FF FF 00 02 10 22 93 00 00 02 00 00 02 19 E7 0C 00 00 04 F8 FF F7 6A 
00 FF FF 00 02 10 22 93 00 00 02 00 00 02 19 E8 0C 00 00 02 57 FF F6 68 
00 FF FF 00 02 10 22 93 00 00 02 00 00 02 19 E9 0C 00 00 05 3E FF F5 64 
00 FF FF 00 02 10 22 93 00 00 02 00 00 02 19 EA 0C 00 00 02 56 FF F7 69 
00 FF FF 00 02 10 22 93 00 00 02 00 00 02 19 EB 0C 00 00 01 79 FF F8 69 
00 FF FF 00 02 10 22 93 00 00 02 00 00 02 19 EC 0C 00 00 02 DD FF F7 6B 
00 FF FF 00 02 10 22 93 00 00 02 00 00 02 19 ED 0C 00 00 02 4D FF F7 6B 
00 FF FF 00 02 10 22 93 00 00 02 00 00 02 19 EE 0C 00 00 01 9D FF F6 68 
00 FF FF 00 02 10 22 93 00 00 02 00 00 02 19 EF 0C 00 00 07 0F FF F6 66 
00 FF FF 00 02 10 22 93 00 00 02 00 00 02 19 F0 0C 00 00 05 CA FF F8 69 
00 FF FF 00 02 10 22 93 00 00 02 00 00 02 19 F1 0C 00 00 04 E7 FF F7 69 
00 FF FF 00 02 10 22 93 00 00 02 00 00 02 19 F2 0C 00 00 05 C5 FF F7 6B 
00 FF FF 00 02 10 22 93 00 00 02 00 00 02 19 F3 0C 00 00 04 9E FF F7 69 
00 FF FF 00 02 10 22 93 00 00 02 00 00 02 19 F4 0C 00 00 04 0A FF F7 6A 
00 FF FF 00 02 10 22 93 00 00 02 00 00 02 19 F5 0C 00 00 01 30 FF F8 69 
00 FF FF 00 02 10 22 93 00 00 02 00 00 02 19 F6 0C 00 00 03 B0 FF F7 6B 
00 FF FF 00 02 10 22 93 00 00 02 00 00 02 19 F7 0C 00 00 01 A1 FF F8 69 
00 FF FF 00 02 10 22 93 00 00 02 00 00 02 19 F8 0C 00 00 03 4A FF F8 68 
00 FF FF 00 02 10 22 93 00 00 02 00 00 02 19 F9 0C 00 00 01 4A FF F7 67 
00 FF FF 00 02 10 22 93 00 00 02 00 00 02 19 FA 0C 00 00 00 95 FF F9 5D 
00 FF FF 00 02 10 22 93 00 00 02 00 00 02 19 FC 0C 00 00 02 2E FF F7 5A 
00 FF FF 00 02 10 22 93 00 00 02 00 00 02 19 FE 0C 00 00 01 30 FF F8 69 
00 FF FF 00 02 10 22 93 00 00 02 00 00 02 19 FF 0C 00 00 01 6B FF F8 68 
00 FF FF 00 02 10 22 93 00 00 02 00 00 02 1A 00 0C 00 00 04 71 FF F8 6A 
00 FF FF 00 02 10 22 93 00 00 02 00 00 02 1A 01 0C 00 00 01 8E FF F7 69 
00 FF FF 00 02 10 22 93 00 00 02 00 00 02 1A 02 0C 00 00 01 FB FF F7 69 
00 FF FF 00 02 10 22 93 00 00 02 00 00 02 1A 03 0C 00 00 0B 81 FF F6 68 
00 FF FF 00 02 10 22 93 00 00 02 00 00 02 1A 04 0C 00 00 05 DB FF F8 6A 
00 FF FF 00 02 10 22 93 00 00 02 00 00 02 1A 05 0C 00 00 00 F2 FF F8 67 
00 FF FF 00 02 10 22 93 00 00 02 00 00 02 1A 06 0C 00 00 03 CF FF F8 6B 
00 FF FF 00 02 10 22 93 00 00 02 00 00 02 1A 07 0C 00 00 04 5F FF F8 69 
00 FF FF 00 02 10 22 93 00 00 02 00 00 02 1A 08 0C 00 00 02 F5 FF F6 69 
00 FF FF 00 02 10 22 93 00 00 02 00 00 02 1A 09 0C 00 00 08 69 FF F7 6B 
00 FF FF 00 02 10 22 93 00 00 02 00 00 02 1A 0A 0C 00 00 02 8A FF F8 69 
00 FF FF 00 02 10 22 93 00 00 02 00 00 02 1A 0B 0C 00 00 01 7D FF F8 68 
00 FF FF 00 02 10 22 93 00 00 02 00 00 02 1A 0C 0C 00 00 00 D9 FF F8 69 
00 FF FF 00 02 10 22 93 00 00 02 00 00 02 1A 0D 0C 00 00 01 82 FF F8 6A 
00 FF FF 00 02 10 22 93 00 00 02 00 00 02 1A 0E 0C 00 00 06 C7 FF F6 64 
00 FF FF 00 02 10 22 93 00 00 02 00 00 02 1A 0F 0C 00 00 04 D3 FF F8 69 
00 FF FF 00 02 10 22 93 00 00 02 00 00 02 1A 10 0C 00 00 00 8C FF F8 68 
00 FF FF 00 02 10 22 93 00 00 02 00 00 02 1A 11 0C 00 00 09 A4 FF F8 6A 
00 FF FF 00 02 10 22 93 00 00 02 00 00 02 1A 12 0C 00 00 02 57 FF F7 68 
00 FF FF 00 02 10 22 93 00 00 02 00 00 02 1A 13 0C 00 00 02 E2 FF F8 6B 
00 FF FF 00 02 10 22 93 00 00 02 00 00 02 1A 14 0C 00 00 05 17 FF F8 6B 
00 FF FF 00 02 10 22 93 00 00 02 00 00 02 1A 15 0C 00 00 04 48 FF F8 6A 
00 FF FF 00 02 10 22 93 00 00 02 00 00 02 1A 16 0C 00 00 02 A6 FF F8 69 
00 FF FF 00 02 10 22 93 00 00 02 00 00 02 1A 17 0C 00 00 04 81 FF F7 6B 
00 FF FF 00 02 10 22 93 00 00 02 00 00 02 1A 18 0C 00 00 03 86 FF F7 69 
00 FF FF 00 02 10 22 93 00 00 02 00 00 02 1A 19 0C 00 00 02 25 FF F7 6A 
00 FF FF 00 02 10 22 93 00 00 02 00 00 02 1A 1A 0C 00 00 04 69 FF F7 64 
00 FF FF 00 02 10 22 93 00 00 02 00 00 02 1A 1B 0C 00 00 02 92 FF F8 6A 
00 FF FF 00 02 10 22 93 00 00 02 00 00 02 1A 1C 0C 00 00 00 64 FF F7 69 
00 FF FF 00 02 10 22 93 00 00 02 00 00 02 1A 1D 0C 00 00 00 F0 FF F8 6B 
00 FF FF 00 02 10 22 93 00 00 02 00 00 02 1A 1E 0C 00 00 00 83 FF F8 69 
00 FF FF 00 02 10 22 93 00 00 02 00 00 02 1A 1F 0C 00 00 03 65 FF F7 6A 
00 FF FF 00 02 10 22 93 00 00 02 00 00 02 1A 20 0C 00 00 04 77 FF F8 6B 
00 FF FF 00 02 10 22 93 00 00 02 00 00 02 1A 21 0C 00 00 04 2C FF F8 6A 
00 FF FF 00 02 10 22 93 00 00 02 00 00 02 1A 22 0C 00 00 03 7A FF F8 69 
00 FF FF 00 02 10 22 93 00 00 02 00 00 02 1A 23 0C 00 00 02 5A FF F8 6B 
00 FF FF 00 02 10 22 93 00 00 02 00 00 02 1A 24 0C 00 00 02 A7 FF F7 65 
00 FF FF 00 02 10 22 93 00 00 02 00 00 02 1A 25 0C 00 00 08 A4 FF F8 69 
00 FF FF 00 02 10 22 93 00 00 02 00 00 02 1A 26 0C 00 00 01 43 FF F8 67 
00 FF FF 00 02 10 22 93 00 00 02 00 00 02 1A 27 0C 00 00 01 8A FF F7 6B 
00 FF FF 00 02 10 22 93 00 00 02 00 00 02 1A 28 0C 00 00 0A 04 FF F8 67 
00 FF FF 00 02 10 22 93 00 00 02 00 00 02 1A 29 0C 00 00 03 41 FF F8 69 
00 FF FF 00 02 10 22 93 00 00 02 00 00 02 1A 2A 0C 00 00 01 AD FF F8 6B 
00 FF FF 00 02 10 22 93 00 00 02 00 00 02 1A 2B 0C 00 00 08 8A FF F8 68 
00 FF FF 00 02 10 22 93 00 00 02 00 00 02 1A 2C 0C 00 00 04 A2 FF F8 6B 
00 FF FF 00 02 10 22 93 00 00 02 00 00 02 1A 2D 0C 00 00 04 26 FF F8 69 
00 FF FF 00 02 10 22 93 00 00 02 00 00 02 1A 2E 0C 00 00 01 E0 FF F8 69 
00 FF FF 00 02 10 22 93 00 00 02 00 00 02 1A 2F 0C 00 00 01 9E FF F8 66 
00 FF FF 00 02 10 22 93 00 00 02 00 00 02 1A 30 0C 00 00 01 BE FF FA 69 
00 FF FF 00 02 10 22 93 00 00 02 00 00 02 1A 31 0C 00 00 03 73 FF F9 69 
00 FF FF 00 02 10 22 93 00 00 02 00 00 02 1A 32 0C 00 00 01 CE FF F8 69 
00 FF FF 00 02 10 22 93 00 00 02 00 00 02 1A 33 0C 00 00 09 B6 FF F9 6A 
00 FF FF 00 02 10 22 93 00 00 02 00 00 02 1A 34 0C 00 00 05 15 FF F8 66 
00 FF FF 00 02 10 22 93 00 00 02 00 00 02 1A 35 0C 00 00 04 C5 FF F8 69 
00 FF FF 00 02 10 22 93 00 00 02 00 00 02 1A 36 0C 00 00 03 3F FF F9 69 
00 FF FF 00 02 10 22 93 00 00 02 00 00 02 1A 37 0C 00 00 04 9D FF F7 6B 
00 FF FF 00 02 10 22 93 00 00 02 00 00 02 1A 38 0C 00 00 02 53 FF F8 67 
00 FF FF 00 02 10 22 93 00 00 02 00 00 02 1A 39 0C 00 00 0A 41 FF F9 67 
00 FF FF 00 02 10 22 93 00 00 02 00 00 02 1A 3A 0C 00 00 00 DD FF F8 69 
00 FF FF 00 02 10 22 93 00 00 02 00 00 02 1A 3B 0C 00 00 03 6F FF F8 69 
00 FF FF 00 02 10 22 93 00 00 02 00 00 02 1A 3C 0C 00 00 05 AA FF F6 6B 
00 FF FF 00 02 10 22 93 00 00 02 00 00 02 1A 3D 0C 00 00 02 22 FF F9 62 
00 FF FF 00 02 10 22 93 00 00 02 00 00 02 1A 3E 0C 00 00 03 B7 FF F8 6B 
00 FF FF 00 02 10 22 93 00 00 02 00 00 02 1A 3F 0C 00 00 00 B4 FF F8 6A 
00 FF FF 00 02 10 22 93 00 00 02 00 00 02 1A 40 0C 00 00 06 9F FF F8 6B 
00 FF FF 00 02 10 22 93 00 00 02 00 00 02 1A 41 0C 00 00 04 A2 FF F8 6A 
00 FF FF 00 02 10 22 93 00 00 02 00 00 02 1A 42 0C 00 00 03 3F FF F8 6A 
00 FF FF 00 02 10 22 93 00 00 02 00 00 02 1A 43 0C 00 00 01 B1 FF FA 68 
00 FF FF 00 02 10 22 93 00 00 02 00 00 02 1A 44 0C 00 00 05 E7 FF F3 65 
00 FF FF 00 02 10 22 93 00 00 02 00 00 02 1A 45 0C 00 00 04 94 FF F6 68 
00 FF FF 00 02 10 22 93 00 00 02 00 00 02 1A 46 0C 00 00 04 9E FF F5 69 
00 FF FF 00 02 10 22 93 00 00 02 00 00 02 1A 47 0C 00 00 07 F1 FF F4 6A 
00 FF FF 00 02 10 22 93 00 00 02 00 00 02 1A 48 0C 00 00 09 43 FF F6 68 
00 FF FF 00 02 10 22 93 00 00 02 00 00 02 1A 49 0C 00 00 03 5F FF F6 69 
00 FF FF 00 02 10 22 93 00 00 02 00 00 02 1A 4A 0C 00 00 03 8B FF F5 69 
00 FF FF 00 02 10 22 93 00 00 02 00 00 02 1A 4B 0C 00 00 05 7F FF F6 69 
00 FF FF 00 02 10 22 93 00 00 02 00 00 02 1A 4C 0C 00 00 03 C1 FF F5 6A 
00 FF FF 00 02 10 22 93 00 00 02 00 00 02 1A 4D 0C 00 00 0A 2C FF F5 68 
00 FF FF 00 02 10 22 93 00 00 02 00 00 02 1A 4E 0C 00 00 01 98 FF F4 6A 
00 FF FF 00 02 10 22 93 00 00 02 00 00 02 1A 4F 0C 00 00 03 EB FF F4 61 
00 FF FF 00 02 10 22 93 00 00 02 00 00 02 1A 50 0C 00 00 01 E1 FF F3 6B 
00 FF FF 00 02 10 22 93 00 00 02 00 00 02 1A 51 0C 00 00 02 0D FF F3 66 
00 FF FF 00 02 10 22 93 00 00 02 00 00 02 1A 52 0C 00 00 00 AE FF F5 68 
