00 FF FF 00 02 10 22 93 00 00 02 00 00 02 12 CD 0C 00 00 01 DC FF F3 66 
00 FF FF 00 02 10 22 93 00 00 02 00 00 02 12 CE 0C 00 00 02 43 FF EE 68 
00 FF FF 00 02 10 22 93 00 00 02 00 00 02 12 D0 0C 00 00 00 B8 FF F4 63 
00 FF FF 00 02 10 22 93 00 00 02 00 00 02 12 D1 0C 00 00 00 EE FF F5 62 
00 FF FF 00 02 10 22 93 00 00 02 00 00 02 12 D2 0C 00 00 01 52 FF F5 6B 
00 FF FF 00 02 10 22 93 00 00 02 00 00 02 12 D3 0C 00 00 01 08 FF EE 68 
00 FF FF 00 02 10 22 93 00 00 02 00 00 02 12 D5 0C 00 00 00 E4 FF F2 6A 
00 FF FF 00 02 10 22 93 00 00 02 00 00 02 12 D7 0C 00 00 01 8B FF EB 6A 
00 FF FF 00 02 10 22 93 00 00 02 00 00 02 12 DE 0C 00 00 00 AD FF F6 67 
00 FF FF 00 02 10 22 93 00 00 02 00 00 02 12 DF 0C 00 00 02 AD FF F1 68 
00 FF FF 00 02 10 22 93 00 00 02 00 00 02 12 E1 0C 00 00 02 63 FF F5 68 
00 FF FF 00 02 10 22 93 00 00 02 00 00 02 12 E4 0C 00 00 01 04 FF F3 68 
00 FF FF 00 02 10 22 93 00 00 02 00 00 02 12 E7 0C 00 00 02 77 FF F7 65 
00 FF FF 00 02 10 22 93 00 00 02 00 00 02 13 A5 0C 00 00 01 0F FF F8 6A 
00 FF FF 00 02 10 22 93 00 00 02 00 00 02 13 A6 0C 00 00 0A A6 FF F7 6A 
00 FF FF 00 02 10 22 93 00 00 02 00 00 02 13 A7 0C 00 00 02 4E FF F3 69 
00 FF FF 00 02 10 22 93 00 00 02 00 00 02 13 A8 0C 00 00 01 16 FF F7 6B 
00 FF FF 00 02 10 22 93 00 00 02 00 00 02 13 A9 0C 00 00 01 8D FF F5 69 
00 FF FF 00 02 10 22 93 00 00 02 00 00 02 13 AA 0C 00 00 01 8A FF F5 69 
00 FF FF 00 02 10 22 93 00 00 02 00 00 02 13 AB 0C 00 00 01 E0 FF F7 6A 
00 FF FF 00 02 10 22 93 00 00 02 00 00 02 13 AC 0C 00 00 02 4D FF F7 6B 
00 FF FF 00 02 10 22 93 00 00 02 00 00 02 13 AD 0C 00 00 00 D7 FF F7 65 
00 FF FF 00 02 10 22 93 00 00 02 00 00 02 13 AE 0C 00 00 02 61 FF F5 65 
00 FF FF 00 02 10 22 93 00 00 02 00 00 02 13 AF 0C 00 00 01 86 FF F4 6B 
00 FF FF 00 02 10 22 93 00 00 02 00 00 02 13 B0 0C 00 00 00 A9 FF F4 68 
00 FF FF 00 02 10 22 93 00 00 02 00 00 02 13 B1 0C 00 00 01 8E FF F5 67 
00 FF FF 00 02 10 22 93 00 00 02 00 00 02 13 B2 0C 00 00 00 9E FF F4 6A 
00 FF FF 00 02 10 22 93 00 00 02 00 00 02 13 B3 0C 00 00 01 23 FF F4 68 
00 FF FF 00 02 10 22 93 00 00 02 00 00 02 13 B4 0C 00 00 01 13 FF F6 69 
00 FF FF 00 02 10 22 93 00 00 02 00 00 02 13 B5 0C 00 00 03 44 FF F6 6A 
00 FF FF 00 02 10 22 93 00 00 02 00 00 02 13 B6 0C 00 00 01 27 FF F6 65 
00 FF FF 00 02 10 22 93 00 00 02 00 00 02 13 B7 0C 00 00 01 1D FF F8 6A 
00 FF FF 00 02 10 22 93 00 00 02 00 00 02 13 B8 0C 00 00 03 73 FF F5 6A 
00 FF FF 00 02 10 22 93 00 00 02 00 00 02 13 B9 0C 00 00 00 7E FF F8 5D 
00 FF FF 00 02 10 22 93 00 00 02 00 00 02 13 BA 0C 00 00 01 00 FF F6 68 
00 FF FF 00 02 10 22 93 00 00 02 00 00 02 13 BB 0C 00 00 01 81 FF F5 6B 
00 FF FF 00 02 10 22 93 00 00 02 00 00 02 13 BC 0C 00 00 00 C5 FF F6 6A 
00 FF FF 00 02 10 22 93 00 00 02 00 00 02 13 BD 0C 00 00 00 B8 FF F7 6A 
00 FF FF 00 02 10 22 93 00 00 02 00 00 02 13 BE 0C 00 00 00 D7 FF F8 69 
00 FF FF 00 02 10 22 93 00 00 02 00 00 02 13 BF 0C 00 00 02 B2 FF F8 6B 
00 FF FF 00 02 10 22 93 00 00 02 00 00 02 13 C0 0C 00 00 04 2C FF F7 69 
00 FF FF 00 02 10 22 93 00 00 02 00 00 02 13 C1 0C 00 00 00 D2 FF F7 68 
00 FF FF 00 02 10 22 93 00 00 02 00 00 02 13 C2 0C 00 00 02 1D FF F8 69 
00 FF FF 00 02 10 22 93 00 00 02 00 00 02 13 C3 0C 00 00 02 77 FF F8 69 
00 FF FF 00 02 10 22 93 00 00 02 00 00 02 13 CA 0C 00 00 01 4C FF F9 69 
00 FF FF 00 02 10 22 93 00 00 02 00 00 02 13 CC 0C 00 00 03 09 FF F8 67 
00 FF FF 00 02 10 22 93 00 00 02 00 00 02 13 CF 0C 00 00 03 12 FF F8 6A 
00 FF FF 00 02 10 22 93 00 00 02 00 00 02 13 D2 0C 00 00 00 AB FF F5 69 
00 FF FF 00 02 10 22 93 00 00 02 00 00 02 13 D4 0C 00 00 00 B2 FF F6 66 
00 FF FF 00 02 10 22 93 00 00 02 00 00 02 13 D6 0C 00 00 04 FB FF F3 68 
00 FF FF 00 02 10 22 93 00 00 02 00 00 02 13 DA 0C 00 00 04 09 FF F3 67 
00 FF FF 00 02 10 22 93 00 00 02 00 00 02 13 DB 0C 00 00 01 85 FF F4 5C 
00 FF FF 00 02 10 22 93 00 00 02 00 00 02 13 DE 0C 00 00 00 C8 FF F5 6B 
00 FF FF 00 02 10 22 93 00 00 02 00 00 02 13 DF 0C 00 00 0A 89 FF F4 6A 
00 FF FF 00 02 10 22 93 00 00 02 00 00 02 13 E2 0C 00 00 07 84 FF F4 68 
00 FF FF 00 02 10 22 93 00 00 02 00 00 02 13 E5 0C 00 00 02 58 FF F5 6A 
00 FF FF 00 02 10 22 93 00 00 02 00 00 02 13 E8 0C 00 00 01 F7 FF F6 69 
00 FF FF 00 02 10 22 93 00 00 02 00 00 02 13 E9 0C 00 00 01 E0 FF F5 68 
00 FF FF 00 02 10 22 93 00 00 02 00 00 02 13 EA 0C 00 00 02 A1 FF F6 69 
00 FF FF 00 02 10 22 93 00 00 02 00 00 02 13 EC 0C 00 00 01 A1 FF F6 6B 
00 FF FF 00 02 10 22 93 00 00 02 00 00 02 13 EF 0C 00 00 01 3D FF F6 67 
00 FF FF 00 02 10 22 93 00 00 02 00 00 02 13 F4 0C 00 00 02 2F FF F6 6B 
00 FF FF 00 02 10 22 93 00 00 02 00 00 02 13 F5 0C 00 00 01 1C FF F5 6A 
00 FF FF 00 02 10 22 93 00 00 02 00 00 02 13 F7 0C 00 00 02 40 FF F6 66 
00 FF FF 00 02 10 22 93 00 00 02 00 00 02 13 F9 0C 00 00 02 B9 FF F4 6A 
00 FF FF 00 02 10 22 93 00 00 02 00 00 02 13 FB 0C 00 00 01 DE FF F6 6B 
00 FF FF 00 02 10 22 93 00 00 02 00 00 02 13 FC 0C 00 00 04 97 FF F6 6A 
00 FF FF 00 02 10 22 93 00 00 02 00 00 02 13 FE 0C 00 00 01 44 FF F6 6B 
00 FF FF 00 02 10 22 93 00 00 02 00 00 02 13 FF 0C 00 00 01 AB FF F6 6B 
00 FF FF 00 02 10 22 93 00 00 02 00 00 02 14 01 0C 00 00 02 50 FF F6 6A 
00 FF FF 00 02 10 22 93 00 00 02 00 00 02 14 02 0C 00 00 01 4E FF F5 65 
00 FF FF 00 02 10 22 93 00 00 02 00 00 02 14 03 0C 00 00 00 E2 FF F6 65 
00 FF FF 00 02 10 22 93 00 00 02 00 00 02 14 04 0C 00 00 02 89 FF F5 67 
00 FF FF 00 02 10 22 93 00 00 02 00 00 02 14 05 0C 00 00 02 3C FF F5 69 
00 FF FF 00 02 10 22 93 00 00 02 00 00 02 14 06 0C 00 00 01 5E FF F6 6C 
00 FF FF 00 02 10 22 93 00 00 02 00 00 02 14 07 0C 00 00 01 34 FF F5 68 
00 FF FF 00 02 10 22 93 00 00 02 00 00 02 14 08 0C 00 00 01 6B FF F5 6A 
00 FF FF 00 02 10 22 93 00 00 02 00 00 02 14 09 0C 00 00 01 70 FF F5 6B 
00 FF FF 00 02 10 22 93 00 00 02 00 00 02 14 0E 0C 00 00 01 04 FF F6 69 
00 FF FF 00 02 10 22 93 00 00 02 00 00 02 14 11 0C 00 00 00 D8 FF F6 68 
00 FF FF 00 02 10 22 93 00 00 02 00 00 02 14 12 0C 00 00 01 5B FF F6 69 
00 FF FF 00 02 10 22 93 00 00 02 00 00 02 14 13 0C 00 00 01 11 FF F5 68 
00 FF FF 00 02 10 22 93 00 00 02 00 00 02 14 14 0C 00 00 00 B6 FF F6 68 
00 FF FF 00 02 10 22 93 00 00 02 00 00 02 14 15 0C 00 00 01 DB FF F6 6A 
00 FF FF 00 02 10 22 93 00 00 02 00 00 02 14 16 0C 00 00 01 ED FF F7 69 
00 FF FF 00 02 10 22 93 00 00 02 00 00 02 14 17 0C 00 00 01 63 FF F6 6C 
00 FF FF 00 02 10 22 93 00 00 02 00 00 02 14 18 0C 00 00 01 24 FF F6 6A 
00 FF FF 00 02 10 22 93 00 00 02 00 00 02 14 19 0C 00 00 01 DB FF F8 68 
00 FF FF 00 02 10 22 93 00 00 02 00 00 02 14 1A 0C 00 00 01 40 FF F8 6A 
00 FF FF 00 02 10 22 93 00 00 02 00 00 02 14 1B 0C 00 00 02 6C FF F5 69 
00 FF FF 00 02 10 22 93 00 00 02 00 00 02 14 1C 0C 00 00 01 32 FF F7 69 
00 FF FF 00 02 10 22 93 00 00 02 00 00 02 14 1D 0C 00 00 01 0D FF F7 68 
00 FF FF 00 02 10 22 93 00 00 02 00 00 02 14 1E 0C 00 00 00 F3 FF F7 68 
00 FF FF 00 02 10 22 93 00 00 02 00 00 02 14 1F 0C 00 00 01 E1 FF F7 6B 
00 FF FF 00 02 10 22 93 00 00 02 00 00 02 14 20 0C 00 00 00 BA FF F6 6B 
00 FF FF 00 02 10 22 93 00 00 02 00 00 02 14 21 0C 00 00 02 BE FF F7 6A 
00 FF FF 00 02 10 22 93 00 00 02 00 00 02 14 23 0C 00 00 01 5C FF F6 6B 
00 FF FF 00 02 10 22 93 00 00 02 00 00 02 14 25 0C 00 00 01 24 FF F6 6A 
00 FF FF 00 02 10 22 93 00 00 02 00 00 02 14 26 0C 00 00 03 7E FF F8 68 
00 FF FF 00 02 10 22 93 00 00 02 00 00 02 14 27 0C 00 00 02 06 FF F8 6B 
00 FF FF 00 02 10 22 93 00 00 02 00 00 02 14 28 0C 00 00 01 25 FF F6 68 
00 FF FF 00 02 10 22 93 00 00 02 00 00 02 14 29 0C 00 00 01 E6 FF F5 6A 
00 FF FF 00 02 10 22 93 00 00 02 00 00 02 14 2A 0C 00 00 00 96 FF F6 69 
00 FF FF 00 02 10 22 93 00 00 02 00 00 02 14 2B 0C 00 00 00 94 FF F7 69 
00 FF FF 00 02 10 22 93 00 00 02 00 00 02 14 2C 0C 00 00 00 FC FF F8 69 
00 FF FF 00 02 10 22 93 00 00 02 00 00 02 14 2D 0C 00 00 01 70 FF F5 6B 
00 FF FF 00 02 10 22 93 00 00 02 00 00 02 14 2E 0C 00 00 01 14 FF F5 65 
00 FF FF 00 02 10 22 93 00 00 02 00 00 02 14 2F 0C 00 00 00 FB FF F6 69 
00 FF FF 00 02 10 22 93 00 00 02 00 00 02 14 33 0C 00 00 01 41 FF F5 67 
00 FF FF 00 02 10 22 93 00 00 02 00 00 02 14 34 0C 00 00 01 3A FF F5 6A 
00 FF FF 00 02 10 22 93 00 00 02 00 00 02 14 35 0C 00 00 01 79 FF F5 69 
00 FF FF 00 02 10 22 93 00 00 02 00 00 02 14 37 0C 00 00 01 36 FF F4 59 
00 FF FF 00 02 10 22 93 00 00 02 00 00 02 14 38 0C 00 00 01 61 FF F4 63 
00 FF FF 00 02 10 22 93 00 00 02 00 00 02 14 39 0C 00 00 01 58 FF F3 6B 
00 FF FF 00 02 10 22 93 00 00 02 00 00 02 14 3A 0C 00 00 01 1F FF F4 69 
00 FF FF 00 02 10 22 93 00 00 02 00 00 02 14 3C 0C 00 00 01 E8 FF F4 68 
00 FF FF 00 02 10 22 93 00 00 02 00 00 02 14 3D 0C 00 00 00 6D FF F3 66 
00 FF FF 00 02 10 22 93 00 00 02 00 00 02 14 3E 0C 00 00 02 0E FF F5 6A 
00 FF FF 00 02 10 22 93 00 00 02 00 00 02 14 40 0C 00 00 01 67 FF F4 6B 
00 FF FF 00 02 10 22 93 00 00 02 00 00 02 14 43 0C 00 00 02 53 FF F5 6A 
00 FF FF 00 02 10 22 93 00 00 02 00 00 02 14 44 0C 00 00 01 21 FF F4 69 
00 FF FF 00 02 10 22 93 00 00 02 00 00 02 14 46 0C 00 00 00 EA FF F3 67 
00 FF FF 00 02 10 22 93 00 00 02 00 00 02 14 47 0C 00 00 01 4E FF F5 66 
00 FF FF 00 02 10 22 93 00 00 02 00 00 02 14 4C 0C 00 00 01 CC FF F6 69 
00 FF FF 00 02 10 22 93 00 00 02 00 00 02 14 4D 0C 00 00 01 00 FF F6 65 
00 FF FF 00 02 10 22 93 00 00 02 00 00 02 14 4E 0C 00 00 01 6B FF F4 6A 
00 FF FF 00 02 10 22 93 00 00 02 00 00 02 14 53 0C 00 00 01 87 FF F3 6B 
00 FF FF 00 02 10 22 93 00 00 02 00 00 02 14 54 0C 00 00 01 56 FF F7 68 
00 FF FF 00 02 10 22 93 00 00 02 00 00 02 14 56 0C 00 00 01 A9 FF F4 68 
00 FF FF 00 02 10 22 93 00 00 02 00 00 02 14 57 0C 00 00 01 02 FF F4 6A 
00 FF FF 00 02 10 22 93 00 00 02 00 00 02 14 59 0C 00 00 00 EA FF F6 69 
00 FF FF 00 02 10 22 93 00 00 02 00 00 02 14 5D 0C 00 00 01 B4 FF F3 69 
00 FF FF 00 02 10 22 93 00 00 02 00 00 02 14 5E 0C 00 00 02 F8 FF F3 66 
00 FF FF 00 02 10 22 93 00 00 02 00 00 02 14 61 0C 00 00 02 AD FF F7 6A 
00 FF FF 00 02 10 22 93 00 00 02 00 00 02 14 67 0C 00 00 00 D4 FF F4 69 
00 FF FF 00 02 10 22 93 00 00 02 00 00 02 14 68 0C 00 00 01 86 FF F3 6B 
00 FF FF 00 02 10 22 93 00 00 02 00 00 02 14 6B 0C 00 00 00 A1 FF F3 6A 
00 FF FF 00 02 10 22 93 00 00 02 00 00 02 14 6C 0C 00 00 00 87 FF F3 6A 
00 FF FF 00 02 10 22 93 00 00 02 00 00 02 14 6F 0C 00 00 01 87 FF F3 6B 
00 FF FF 00 02 10 22 93 00 00 02 00 00 02 14 73 0C 00 00 02 70 FF F3 66 
00 FF FF 00 02 10 22 93 00 00 02 00 00 02 14 7A 0C 00 00 00 75 FF F3 6A 
00 FF FF 00 02 10 22 93 00 00 02 00 00 02 14 7B 0C 00 00 02 12 FF F3 6B 
00 FF FF 00 02 10 22 93 00 00 02 00 00 02 14 7E 0C 00 00 01 51 FF F4 65 
00 FF FF 00 02 10 22 93 00 00 02 00 00 02 14 80 0C 00 00 03 A9 FF F3 6A 
00 FF FF 00 02 10 22 93 00 00 02 00 00 02 14 81 0C 00 00 01 39 FF F3 6A 
00 FF FF 00 02 10 22 93 00 00 02 00 00 02 14 84 0C 00 00 02 15 FF F3 68 
00 FF FF 00 02 10 22 93 00 00 02 00 00 02 14 86 0C 00 00 02 EF FF F3 69 
00 FF FF 00 02 10 22 93 00 00 02 00 00 02 14 89 0C 00 00 01 E5 FF F4 68 
00 FF FF 00 02 10 22 93 00 00 02 00 00 02 14 8C 0C 00 00 01 48 FF F4 69 
00 FF FF 00 02 10 22 93 00 00 02 00 00 02 14 8D 0C 00 00 01 3F FF F4 6B 
00 FF FF 00 02 10 22 93 00 00 02 00 00 02 14 8E 0C 00 00 02 9D FF F4 6A 
00 FF FF 00 02 10 22 93 00 00 02 00 00 02 14 8F 0C 00 00 01 08 FF F5 69 
00 FF FF 00 02 10 22 93 00 00 02 00 00 02 14 92 0C 00 00 02 4D FF F5 60 
00 FF FF 00 02 10 22 93 00 00 02 00 00 02 14 94 0C 00 00 01 29 FF F4 64 
00 FF FF 00 02 10 22 93 00 00 02 00 00 02 14 95 0C 00 00 01 41 FF F3 68 
00 FF FF 00 02 10 22 93 00 00 02 00 00 02 14 98 0C 00 00 01 19 FF F4 6A 
00 FF FF 00 02 10 22 93 00 00 02 00 00 02 14 9A 0C 00 00 01 FC FF F6 64 
00 FF FF 00 02 10 22 93 00 00 02 00 00 02 14 9B 0C 00 00 00 D4 FF F4 6C 
00 FF FF 00 02 10 22 93 00 00 02 00 00 02 14 9F 0C 00 00 01 99 FF F4 6B 
00 FF FF 00 02 10 22 93 00 00 02 00 00 02 14 A0 0C 00 00 01 9D FF F4 69 
00 FF FF 00 02 10 22 93 00 00 02 00 00 02 14 A3 0C 00 00 00 75 FF F3 68 
00 FF FF 00 02 10 22 93 00 00 02 00 00 02 14 A9 0C 00 00 01 98 FF F3 66 
00 FF FF 00 02 10 22 93 00 00 02 00 00 02 14 AA 0C 00 00 01 11 FF F3 6A 
00 FF FF 00 02 10 22 93 00 00 02 00 00 02 14 B7 0C 00 00 02 CE FF F3 62 
00 FF FF 00 02 10 22 93 00 00 02 00 00 02 14 BE 0C 00 00 01 34 FF F5 69 
00 FF FF 00 02 10 22 93 00 00 02 00 00 02 14 C1 0C 00 00 01 CD FF F6 68 
00 FF FF 00 02 10 22 93 00 00 02 00 00 02 14 C4 0C 00 00 00 F2 FF F7 69 
00 FF FF 00 02 10 22 93 00 00 02 00 00 02 14 C5 0C 00 00 03 96 FF F9 68 
00 FF FF 00 02 10 22 93 00 00 02 00 00 02 14 C7 0C 00 00 02 F4 FF F6 6A 
00 FF FF 00 02 10 22 93 00 00 02 00 00 02 14 CA 0C 00 00 00 91 FF F6 69 
00 FF FF 00 02 10 22 93 00 00 02 00 00 02 14 CB 0C 00 00 02 18 FF F6 6A 
00 FF FF 00 02 10 22 93 00 00 02 00 00 02 14 CD 0C 00 00 01 A8 FF F6 69 
00 FF FF 00 02 10 22 93 00 00 02 00 00 02 14 D0 0C 00 00 02 A7 FF F6 6A 
00 FF FF 00 02 10 22 93 00 00 02 00 00 02 14 D2 0C 00 00 01 59 FF F6 6B 
00 FF FF 00 02 10 22 93 00 00 02 00 00 02 14 D4 0C 00 00 00 92 FF F4 6A 
00 FF FF 00 02 10 22 93 00 00 02 00 00 02 14 DA 0C 00 00 01 B8 FF F4 6B 
00 FF FF 00 02 10 22 93 00 00 02 00 00 02 14 E4 0C 00 00 02 0B FF F7 69 
00 FF FF 00 02 10 22 93 00 00 02 00 00 02 14 E6 0C 00 00 00 F0 FF F5 69 
00 FF FF 00 02 10 22 93 00 00 02 00 00 02 14 E8 0C 00 00 01 6E FF F5 6A 
00 FF FF 00 02 10 22 93 00 00 02 00 00 02 14 E9 0C 00 00 01 81 FF F6 69 
00 FF FF 00 02 10 22 93 00 00 02 00 00 02 14 EB 0C 00 00 01 AF FF F4 60 
00 FF FF 00 02 10 22 93 00 00 02 00 00 02 14 ED 0C 00 00 00 C1 FF F4 65 
00 FF FF 00 02 10 22 93 00 00 02 00 00 02 14 EE 0C 00 00 01 2B FF F2 65 
00 FF FF 00 02 10 22 93 00 00 02 00 00 02 14 F3 0C 00 00 03 B3 FF F3 63 
00 FF FF 00 02 10 22 93 00 00 02 00 00 02 14 F8 0C 00 00 02 1F FF F4 6B 
00 FF FF 00 02 10 22 93 00 00 02 00 00 02 14 F9 0C 00 00 02 90 FF F3 6B 
00 FF FF 00 02 10 22 93 00 00 02 00 00 02 14 FD 0C 00 00 01 91 FF F5 68 
00 FF FF 00 02 10 22 93 00 00 02 00 00 02 14 FF 0C 00 00 02 97 FF F5 69 
00 FF FF 00 02 10 22 93 00 00 02 00 00 02 15 00 0C 00 00 00 EA FF F1 6A 
00 FF FF 00 02 10 22 93 00 00 02 00 00 02 15 02 0C 00 00 01 9B FF F3 69 
00 FF FF 00 02 10 22 93 00 00 02 00 00 02 15 03 0C 00 00 00 67 FF F5 67 
00 FF FF 00 02 10 22 93 00 00 02 00 00 02 15 06 0C 00 00 01 8C FF F5 6B 
00 FF FF 00 02 10 22 93 00 00 02 00 00 02 15 0B 0C 00 00 01 04 FF F2 66 
00 FF FF 00 02 10 22 93 00 00 02 00 00 02 15 0C 0C 00 00 01 BF FF F2 68 
00 FF FF 00 02 10 22 93 00 00 02 00 00 02 15 13 0C 00 00 01 33 FF F7 68 
00 FF FF 00 02 10 22 93 00 00 02 00 00 02 15 15 0C 00 00 01 59 FF F7 6B 
00 FF FF 00 02 10 22 93 00 00 02 00 00 02 15 19 0C 00 00 00 CD FF F2 6A 
00 FF FF 00 02 10 22 93 00 00 02 00 00 02 15 1A 0C 00 00 04 19 FF F3 6B 
00 FF FF 00 02 10 22 93 00 00 02 00 00 02 15 1E 0C 00 00 01 6B FF F6 6B 
00 FF FF 00 02 10 22 93 00 00 02 00 00 02 15 25 0C 00 00 01 BD FF F3 69 
00 FF FF 00 02 10 22 93 00 00 02 00 00 02 15 26 0C 00 00 03 BD FF F3 6B 
00 FF FF 00 02 10 22 93 00 00 02 00 00 02 15 2C 0C 00 00 02 AC FF F7 58 
00 FF FF 00 02 10 22 93 00 00 02 00 00 02 15 2D 0C 00 00 01 6E FF F4 6A 
00 FF FF 00 02 10 22 93 00 00 02 00 00 02 15 34 0C 00 00 01 78 FF F4 6B 
00 FF FF 00 02 10 22 93 00 00 02 00 00 02 15 35 0C 00 00 02 31 FF F4 69 
00 FF FF 00 02 10 22 93 00 00 02 00 00 02 15 3B 0C 00 00 00 FF FF F5 6A 
00 FF FF 00 02 10 22 93 00 00 02 00 00 02 15 3C 0C 00 00 00 E6 FF F7 68 
00 FF FF 00 02 10 22 93 00 00 02 00 00 02 15 40 0C 00 00 01 40 FF F3 6A 
00 FF FF 00 02 10 22 93 00 00 02 00 00 02 15 41 0C 00 00 01 A6 FF F4 5B 
00 FF FF 00 02 10 22 93 00 00 02 00 00 02 15 43 0C 00 00 03 8C FF F7 6B 
00 FF FF 00 02 10 22 93 00 00 02 00 00 02 15 44 0C 00 00 00 B7 FF F4 64 
00 FF FF 00 02 10 22 93 00 00 02 00 00 02 15 47 0C 00 00 01 A6 FF F4 6B 
00 FF FF 00 02 10 22 93 00 00 02 00 00 02 15 49 0C 00 00 00 FD FF F3 6A 
00 FF FF 00 02 10 22 93 00 00 02 00 00 02 15 4F 0C 00 00 01 20 FF F3 69 
00 FF FF 00 02 10 22 93 00 00 02 00 00 02 15 51 0C 00 00 02 24 FF F3 6B 
00 FF FF 00 02 10 22 93 00 00 02 00 00 02 15 5C 0C 00 00 01 84 FF F7 69 
00 FF FF 00 02 10 22 93 00 00 02 00 00 02 15 5E 0C 00 00 00 DE FF F4 68 
00 FF FF 00 02 10 22 93 00 00 02 00 00 02 15 61 0C 00 00 01 B8 FF F3 5D 
00 FF FF 00 02 10 22 93 00 00 02 00 00 02 15 64 0C 00 00 01 59 FF F3 54 
00 FF FF 00 02 10 22 93 00 00 02 00 00 02 15 69 0C 00 00 02 EF FF F6 6B 
00 FF FF 00 02 10 22 93 00 00 02 00 00 02 15 6B 0C 00 00 01 EE FF F3 6A 
00 FF FF 00 02 10 22 93 00 00 02 00 00 02 15 6C 0C 00 00 00 6F FF F5 6B 
00 FF FF 00 02 10 22 93 00 00 02 00 00 02 15 6E 0C 00 00 01 30 FF F7 69 
00 FF FF 00 02 10 22 93 00 00 02 00 00 02 15 6F 0C 00 00 00 E3 FF F2 65 
00 FF FF 00 02 10 22 93 00 00 02 00 00 02 15 71 0C 00 00 01 88 FF F5 68 
00 FF FF 00 02 10 22 93 00 00 02 00 00 02 15 74 0C 00 00 01 03 FF F3 69 
00 FF FF 00 02 10 22 93 00 00 02 00 00 02 15 7A 0C 00 00 01 43 FF F2 6B 
00 FF FF 00 02 10 22 93 00 00 02 00 00 02 15 7C 0C 00 00 03 36 FF F6 6B 
00 FF FF 00 02 10 22 93 00 00 02 00 00 02 15 7E 0C 00 00 01 AA FF F7 6A 
00 FF FF 00 02 10 22 93 00 00 02 00 00 02 15 80 0C 00 00 01 18 FF F2 6B 
00 FF FF 00 02 10 22 93 00 00 02 00 00 02 15 81 0C 00 00 00 80 FF F5 67 
00 FF FF 00 02 10 22 93 00 00 02 00 00 02 15 87 0C 00 00 01 2F FF F5 6B 
00 FF FF 00 02 10 22 93 00 00 02 00 00 02 15 89 0C 00 00 00 9A FF F5 67 
00 FF FF 00 02 10 22 93 00 00 02 00 00 02 15 91 0C 00 00 01 E6 FF F5 6A 
00 FF FF 00 02 10 22 93 00 00 02 00 00 02 15 92 0C 00 00 01 AE FF F5 6A 
00 FF FF 00 02 10 22 93 00 00 02 00 00 02 15 93 0C 00 00 02 07 FF F6 6B 
00 FF FF 00 02 10 22 93 00 00 02 00 00 02 15 96 0C 00 00 01 D4 FF F7 68 
00 FF FF 00 02 10 22 93 00 00 02 00 00 02 15 A0 0C 00 00 02 56 FF F3 69 
00 FF FF 00 02 10 22 93 00 00 02 00 00 02 15 A3 0C 00 00 01 CE FF F4 69 
00 FF FF 00 02 10 22 93 00 00 02 00 00 02 15 A9 0C 00 00 02 11 FF F0 6B 
00 FF FF 00 02 10 22 93 00 00 02 00 00 02 15 AA 0C 00 00 05 09 FF F3 69 
00 FF FF 00 02 10 22 93 00 00 02 00 00 02 15 AC 0C 00 00 01 A2 FF EF 65 
00 FF FF 00 02 10 22 93 00 00 02 00 00 02 15 AD 0C 00 00 01 B4 FF F3 68 
00 FF FF 00 02 10 22 93 00 00 02 00 00 02 15 B2 0C 00 00 01 6B FF F6 6A 
00 FF FF 00 02 10 22 93 00 00 02 00 00 02 15 B3 0C 00 00 00 71 FF F6 60 
00 FF FF 00 02 10 22 93 00 00 02 00 00 02 15 B6 0C 00 00 03 3F FF F3 6B 
00 FF FF 00 02 10 22 93 00 00 02 00 00 02 15 B7 0C 00 00 00 A6 FF F3 6A 
00 FF FF 00 02 10 22 93 00 00 02 00 00 02 15 B8 0C 00 00 01 7F FF F1 6A 
00 FF FF 00 02 10 22 93 00 00 02 00 00 02 15 BF 0C 00 00 01 42 FF EF 66 
00 FF FF 00 02 10 22 93 00 00 02 00 00 02 15 C1 0C 00 00 00 B1 FF F1 64 
00 FF FF 00 02 10 22 93 00 00 02 00 00 02 15 C3 0C 00 00 01 0F FF F1 67 
00 FF FF 00 02 10 22 93 00 00 02 00 00 02 15 C8 0C 00 00 00 BD FF F3 69 
00 FF FF 00 02 10 22 93 00 00 02 00 00 02 15 CA 0C 00 00 02 95 FF F6 69 
00 FF FF 00 02 10 22 93 00 00 02 00 00 02 15 CB 0C 00 00 02 A9 FF F3 6B 
00 FF FF 00 02 10 22 93 00 00 02 00 00 02 15 D3 0C 00 00 00 7F FF F3 6B 
00 FF FF 00 02 10 22 93 00 00 02 00 00 02 15 D8 0C 00 00 02 D4 FF F5 68 
00 FF FF 00 02 10 22 93 00 00 02 00 00 02 15 DA 0C 00 00 00 7D FF F5 5E 
00 FF FF 00 02 10 22 93 00 00 02 00 00 02 15 E2 0C 00 00 00 E5 FF F5 6A 
00 FF FF 00 02 10 22 93 00 00 02 00 00 02 15 E9 0C 00 00 02 21 FF F3 6B 
00 FF FF 00 02 10 22 93 00 00 02 00 00 02 15 EE 0C 00 00 01 4C FF F7 68 
00 FF FF 00 02 10 22 93 00 00 02 00 00 02 15 F2 0C 00 00 02 34 FF F3 6B 
00 FF FF 00 02 10 22 93 00 00 02 00 00 02 15 F4 0C 00 00 01 2E FF F3 68 
00 FF FF 00 02 10 22 93 00 00 02 00 00 02 15 FA 0C 00 00 01 47 FF F7 6B 
00 FF FF 00 02 10 22 93 00 00 02 00 00 02 16 00 0C 00 00 01 31 FF F3 6B 
00 FF FF 00 02 10 22 93 00 00 02 00 00 02 16 03 0C 00 00 02 1F FF F4 6C 
00 FF FF 00 02 10 22 93 00 00 02 00 00 02 16 0A 0C 00 00 02 8B FF F4 68 
00 FF FF 00 02 10 22 93 00 00 02 00 00 02 16 0B 0C 00 00 01 47 FF F4 6A 
00 FF FF 00 02 10 22 93 00 00 02 00 00 02 16 10 0C 00 00 01 6A FF F5 68 
00 FF FF 00 02 10 22 93 00 00 02 00 00 02 16 18 0C 00 00 02 E1 FF F3 68 
00 FF FF 00 02 10 22 93 00 00 02 00 00 02 16 20 0C 00 00 02 06 FF F3 6B 
00 FF FF 00 02 10 22 93 00 00 02 00 00 02 16 24 0C 00 00 00 D4 FF F4 6A 
00 FF FF 00 02 10 22 93 00 00 02 00 00 02 16 25 0C 00 00 01 1B FF F3 6A 
00 FF FF 00 02 10 22 93 00 00 02 00 00 02 16 2D 0C 00 00 02 30 FF F5 6A 
00 FF FF 00 02 10 22 93 00 00 02 00 00 02 16 2E 0C 00 00 01 71 FF F5 69 
00 FF FF 00 02 10 22 93 00 00 02 00 00 02 16 30 0C 00 00 02 1E FF F4 6B 
00 FF FF 00 02 10 22 93 00 00 02 00 00 02 16 32 0C 00 00 01 19 FF F4 6A 
00 FF FF 00 02 10 22 93 00 00 02 00 00 02 16 33 0C 00 00 02 04 FF F3 67 
00 FF FF 00 02 10 22 93 00 00 02 00 00 02 16 34 0C 00 00 02 47 FF F5 6B 
00 FF FF 00 02 10 22 93 00 00 02 00 00 02 16 35 0C 00 00 01 1E FF F5 62 
00 FF FF 00 02 10 22 93 00 00 02 00 00 02 16 39 0C 00 00 01 42 FF F3 67 
00 FF FF 00 02 10 22 93 00 00 02 00 00 02 16 3B 0C 00 00 01 9A FF F8 6A 
00 FF FF 00 02 10 22 93 00 00 02 00 00 02 16 3C 0C 00 00 01 E5 FF F6 69 
00 FF FF 00 02 10 22 93 00 00 02 00 00 02 16 3D 0C 00 00 01 04 FF F8 6A 
00 FF FF 00 02 10 22 93 00 00 02 00 00 02 16 3E 0C 00 00 00 96 FF F8 6A 
00 FF FF 00 02 10 22 93 00 00 02 00 00 02 16 3F 0C 00 00 01 09 FF F8 69 
00 FF FF 00 02 10 22 93 00 00 02 00 00 02 16 40 0C 00 00 00 C2 FF F6 69 
00 FF FF 00 02 10 22 93 00 00 02 00 00 02 16 41 0C 00 00 01 67 FF F6 6A 
00 FF FF 00 02 10 22 93 00 00 02 00 00 02 16 42 0C 00 00 01 B5 FF F5 6A 
00 FF FF 00 02 10 22 93 00 00 02 00 00 02 16 43 0C 00 00 01 32 FF F5 69 
00 FF FF 00 02 10 22 93 00 00 02 00 00 02 16 44 0C 00 00 01 C3 FF F5 6A 
00 FF FF 00 02 10 22 93 00 00 02 00 00 02 16 45 0C 00 00 01 BB FF F6 6A 
00 FF FF 00 02 10 22 93 00 00 02 00 00 02 16 46 0C 00 00 01 3E FF F5 66 
00 FF FF 00 02 10 22 93 00 00 02 00 00 02 16 47 0C 00 00 01 8A FF F5 68 
00 FF FF 00 02 10 22 93 00 00 02 00 00 02 16 48 0C 00 00 01 50 FF F6 68 
00 FF FF 00 02 10 22 93 00 00 02 00 00 02 16 49 0C 00 00 01 82 FF F4 69 
00 FF FF 00 02 10 22 93 00 00 02 00 00 02 16 4A 0C 00 00 00 E1 FF F6 6A 
00 FF FF 00 02 10 22 93 00 00 02 00 00 02 16 4B 0C 00 00 01 85 FF F6 69 
00 FF FF 00 02 10 22 93 00 00 02 00 00 02 16 4C 0C 00 00 01 A7 FF F6 68 
00 FF FF 00 02 10 22 93 00 00 02 00 00 02 16 4D 0C 00 00 06 23 FF F6 69 
00 FF FF 00 02 10 22 93 00 00 02 00 00 02 16 4E 0C 00 00 02 00 FF F6 69 
00 FF FF 00 02 10 22 93 00 00 02 00 00 02 16 4F 0C 00 00 01 BF FF F3 68 
00 FF FF 00 02 10 22 93 00 00 02 00 00 02 16 50 0C 00 00 01 6E FF F4 68 
00 FF FF 00 02 10 22 93 00 00 02 00 00 02 16 51 0C 00 00 00 E1 FF F5 69 
00 FF FF 00 02 10 22 93 00 00 02 00 00 02 16 52 0C 00 00 01 68 FF F4 6A 
00 FF FF 00 02 10 22 93 00 00 02 00 00 02 16 53 0C 00 00 00 A4 FF F4 6B 
00 FF FF 00 02 10 22 93 00 00 02 00 00 02 16 54 0C 00 00 01 F2 FF F4 6B 
00 FF FF 00 02 10 22 93 00 00 02 00 00 02 16 55 0C 00 00 01 23 FF F4 6B 
00 FF FF 00 02 10 22 93 00 00 02 00 00 02 16 56 0C 00 00 03 0A FF F4 6A 
00 FF FF 00 02 10 22 93 00 00 02 00 00 02 16 57 0C 00 00 00 A0 FF F4 6B 
00 FF FF 00 02 10 22 93 00 00 02 00 00 02 16 58 0C 00 00 01 0F FF F4 6A 
00 FF FF 00 02 10 22 93 00 00 02 00 00 02 16 59 0C 00 00 00 AD FF F4 6B 
00 FF FF 00 02 10 22 93 00 00 02 00 00 02 16 5A 0C 00 00 01 28 FF F4 6B 
00 FF FF 00 02 10 22 93 00 00 02 00 00 02 16 5B 0C 00 00 01 3F FF F4 6A 
00 FF FF 00 02 10 22 93 00 00 02 00 00 02 16 5C 0C 00 00 00 A4 FF F7 6B 
00 FF FF 00 02 10 22 93 00 00 02 00 00 02 16 5E 0C 00 00 01 19 FF F3 5A 
00 FF FF 00 02 10 22 93 00 00 02 00 00 02 16 5F 0C 00 00 01 B0 FF F7 69 
00 FF FF 00 02 10 22 93 00 00 02 00 00 02 16 62 0C 00 00 01 42 FF F6 6A 
00 FF FF 00 02 10 22 93 00 00 02 00 00 02 16 63 0C 00 00 02 C4 FF F7 68 
00 FF FF 00 02 10 22 93 00 00 02 00 00 02 16 64 0C 00 00 00 E1 FF F3 6A 
00 FF FF 00 02 10 22 93 00 00 02 00 00 02 16 65 0C 00 00 00 7C FF F6 6A 
00 FF FF 00 02 10 22 93 00 00 02 00 00 02 16 66 0C 00 00 00 FB FF F6 69 
00 FF FF 00 02 10 22 93 00 00 02 00 00 02 16 67 0C 00 00 01 6F FF F4 67 
00 FF FF 00 02 10 22 93 00 00 02 00 00 02 16 6B 0C 00 00 01 4D FF F3 68 
00 FF FF 00 02 10 22 93 00 00 02 00 00 02 16 6D 0C 00 00 01 2F FF F5 67 
00 FF FF 00 02 10 22 93 00 00 02 00 00 02 16 6F 0C 00 00 00 B3 FF F6 68 
00 FF FF 00 02 10 22 93 00 00 02 00 00 02 16 70 0C 00 00 00 E8 FF F6 63 
00 FF FF 00 02 10 22 93 00 00 02 00 00 02 16 71 0C 00 00 02 7D FF F5 68 
