00 FF FF 00 02 10 22 93 00 00 02 00 00 02 21 B7 0C 00 00 01 E2 00 02 65 
00 FF FF 00 02 10 22 93 00 00 02 00 00 02 21 B8 0C 00 00 01 E3 00 00 69 
00 FF FF 00 02 10 22 93 00 00 02 00 00 02 21 B9 0C 00 00 00 DF FF FF 69 
00 FF FF 00 02 10 22 93 00 00 02 00 00 02 21 BA 0C 00 00 04 F3 FF FF 6A 
00 FF FF 00 02 10 22 93 00 00 02 00 00 02 21 BB 0C 00 00 01 17 00 03 6A 
00 FF FF 00 02 10 22 93 00 00 02 00 00 02 21 BC 0C 00 00 01 CD 00 02 6A 
00 FF FF 00 02 10 22 93 00 00 02 00 00 02 21 BD 0C 00 00 00 BA 00 01 69 
00 FF FF 00 02 10 22 93 00 00 02 00 00 02 21 BE 0C 00 00 01 38 00 00 6A 
00 FF FF 00 02 10 22 93 00 00 02 00 00 02 21 BF 0C 00 00 02 43 FF FC 68 
00 FF FF 00 02 10 22 93 00 00 02 00 00 02 21 C0 0C 00 00 01 7F 00 01 6A 
00 FF FF 00 02 10 22 93 00 00 02 00 00 02 21 C1 0C 00 00 00 CF FF FE 69 
00 FF FF 00 02 10 22 93 00 00 02 00 00 02 21 C2 0C 00 00 01 8C FF FF 68 
00 FF FF 00 02 10 22 93 00 00 02 00 00 02 21 C3 0C 00 00 00 BB FF FC 69 
00 FF FF 00 02 10 22 93 00 00 02 00 00 02 22 74 0C 00 00 01 00 FF F2 6B 
00 FF FF 00 02 10 22 93 00 00 02 00 00 02 22 75 0C 00 00 01 05 FF F2 6A 
00 FF FF 00 02 10 22 93 00 00 02 00 00 02 22 78 0C 00 00 01 33 FF F1 6C 
00 FF FF 00 02 10 22 93 00 00 02 00 00 02 22 7C 0C 00 00 02 83 FF F1 6C 
00 FF FF 00 02 10 22 93 00 00 02 00 00 02 22 7D 0C 00 00 01 19 FF F1 6A 
00 FF FF 00 02 10 22 93 00 00 02 00 00 02 22 7F 0C 00 00 01 69 FF F3 6A 
00 FF FF 00 02 10 22 93 00 00 02 00 00 02 22 80 0C 00 00 01 26 FF F3 6C 
00 FF FF 00 02 10 22 93 00 00 02 00 00 02 22 81 0C 00 00 02 A9 FF F3 6A 
00 FF FF 00 02 10 22 93 00 00 02 00 00 02 22 88 0C 00 00 02 01 FF F1 69 
00 FF FF 00 02 10 22 93 00 00 02 00 00 02 22 90 0C 00 00 05 04 FF F2 68 
00 FF FF 00 02 10 22 93 00 00 02 00 00 02 22 91 0C 00 00 00 B8 FF F3 6C 
00 FF FF 00 02 10 22 93 00 00 02 00 00 02 22 94 0C 00 00 01 66 FF F0 6C 
00 FF FF 00 02 10 22 93 00 00 02 00 00 02 22 96 0C 00 00 00 F9 FF F0 67 
00 FF FF 00 02 10 22 93 00 00 02 00 00 02 22 9E 0C 00 00 02 8D FF F3 6A 
00 FF FF 00 02 10 22 93 00 00 02 00 00 02 22 9F 0C 00 00 01 2C FF F4 69 
00 FF FF 00 02 10 22 93 00 00 02 00 00 02 22 A1 0C 00 00 01 9F FF F3 6C 
00 FF FF 00 02 10 22 93 00 00 02 00 00 02 22 A2 0C 00 00 01 38 FF F4 6B 
00 FF FF 00 02 10 22 93 00 00 02 00 00 02 22 A8 0C 00 00 01 68 FF F2 69 
00 FF FF 00 02 10 22 93 00 00 02 00 00 02 22 A9 0C 00 00 00 D9 FF F2 6B 
00 FF FF 00 02 10 22 93 00 00 02 00 00 02 22 AF 0C 00 00 00 F8 FF F1 69 
00 FF FF 00 02 10 22 93 00 00 02 00 00 02 22 B1 0C 00 00 00 E0 FF F0 68 
00 FF FF 00 02 10 22 93 00 00 02 00 00 02 22 B2 0C 00 00 01 CB FF F0 6A 
00 FF FF 00 02 10 22 93 00 00 02 00 00 02 22 B4 0C 00 00 00 F8 FF F1 6A 
00 FF FF 00 02 10 22 93 00 00 02 00 00 02 22 B6 0C 00 00 01 E8 FF F0 6B 
00 FF FF 00 02 10 22 93 00 00 02 00 00 02 22 B7 0C 00 00 00 D6 FF F1 6C 
00 FF FF 00 02 10 22 93 00 00 02 00 00 02 22 BA 0C 00 00 01 06 FF F0 6B 
00 FF FF 00 02 10 22 93 00 00 02 00 00 02 22 BC 0C 00 00 01 C2 FF F1 6B 
00 FF FF 00 02 10 22 93 00 00 02 00 00 02 22 BD 0C 00 00 02 FB FF F1 69 
00 FF FF 00 02 10 22 93 00 00 02 00 00 02 22 BF 0C 00 00 01 C1 FF ED 6A 
00 FF FF 00 02 10 22 93 00 00 02 00 00 02 22 C2 0C 00 00 00 BC FF EF 6C 
00 FF FF 00 02 10 22 93 00 00 02 00 00 02 22 CD 0C 00 00 02 40 FF EE 6A 
00 FF FF 00 02 10 22 93 00 00 02 00 00 02 22 CF 0C 00 00 02 34 FF EF 6A 
00 FF FF 00 02 10 22 93 00 00 02 00 00 02 22 D0 0C 00 00 00 DF FF EF 6B 
00 FF FF 00 02 10 22 93 00 00 02 00 00 02 22 D1 0C 00 00 00 F5 FF EF 6A 
00 FF FF 00 02 10 22 93 00 00 02 00 00 02 22 D4 0C 00 00 00 FF FF EE 6B 
00 FF FF 00 02 10 22 93 00 00 02 00 00 02 22 D9 0C 00 00 01 1C FF EE 6B 
00 FF FF 00 02 10 22 93 00 00 02 00 00 02 22 DC 0C 00 00 02 BF FF EF 6B 
00 FF FF 00 02 10 22 93 00 00 02 00 00 02 22 DD 0C 00 00 00 AA FF EF 6B 
00 FF FF 00 02 10 22 93 00 00 02 00 00 02 22 DF 0C 00 00 01 C2 FF EE 6C 
00 FF FF 00 02 10 22 93 00 00 02 00 00 02 22 E6 0C 00 00 03 C1 FF EF 6C 
00 FF FF 00 02 10 22 93 00 00 02 00 00 02 22 E8 0C 00 00 02 2E FF ED 6A 
00 FF FF 00 02 10 22 93 00 00 02 00 00 02 22 EE 0C 00 00 00 D3 FF EE 69 
00 FF FF 00 02 10 22 93 00 00 02 00 00 02 22 F3 0C 00 00 02 01 FF EF 6B 
00 FF FF 00 02 10 22 93 00 00 02 00 00 02 22 F9 0C 00 00 01 C1 FF EE 69 
00 FF FF 00 02 10 22 93 00 00 02 00 00 02 22 FB 0C 00 00 03 11 FF EE 6B 
00 FF FF 00 02 10 22 93 00 00 02 00 00 02 22 FC 0C 00 00 01 2A FF ED 6C 
00 FF FF 00 02 10 22 93 00 00 02 00 00 02 22 FE 0C 00 00 00 ED FF EF 6A 
00 FF FF 00 02 10 22 93 00 00 02 00 00 02 23 02 0C 00 00 02 C6 FF EF 6C 
00 FF FF 00 02 10 22 93 00 00 02 00 00 02 23 06 0C 00 00 01 B0 FF EE 6A 
00 FF FF 00 02 10 22 93 00 00 02 00 00 02 23 09 0C 00 00 01 D8 FF EE 68 
00 FF FF 00 02 10 22 93 00 00 02 00 00 02 23 0A 0C 00 00 01 48 FF EF 6A 
00 FF FF 00 02 10 22 93 00 00 02 00 00 02 23 0C 0C 00 00 02 37 FF EF 6B 
00 FF FF 00 02 10 22 93 00 00 02 00 00 02 23 10 0C 00 00 01 4C FF EF 6B 
00 FF FF 00 02 10 22 93 00 00 02 00 00 02 23 13 0C 00 00 02 C5 FF EF 6B 
00 FF FF 00 02 10 22 93 00 00 02 00 00 02 23 14 0C 00 00 03 73 FF EE 6B 
00 FF FF 00 02 10 22 93 00 00 02 00 00 02 23 16 0C 00 00 01 F3 FF EF 68 
00 FF FF 00 02 10 22 93 00 00 02 00 00 02 23 17 0C 00 00 07 BC FF EE 6B 
00 FF FF 00 02 10 22 93 00 00 02 00 00 02 23 1C 0C 00 00 02 FD FF EF 6A 
00 FF FF 00 02 10 22 93 00 00 02 00 00 02 23 23 0C 00 00 02 A3 FF EF 6A 
00 FF FF 00 02 10 22 93 00 00 02 00 00 02 23 25 0C 00 00 00 F8 FF EF 6A 
00 FF FF 00 02 10 22 93 00 00 02 00 00 02 23 28 0C 00 00 01 07 FF EE 6B 
00 FF FF 00 02 10 22 93 00 00 02 00 00 02 23 29 0C 00 00 01 53 FF EE 69 
00 FF FF 00 02 10 22 93 00 00 02 00 00 02 23 2D 0C 00 00 03 A0 FF EF 6B 
00 FF FF 00 02 10 22 93 00 00 02 00 00 02 23 3A 0C 00 00 01 12 FF EF 6B 
00 FF FF 00 02 10 22 93 00 00 02 00 00 02 23 3C 0C 00 00 00 FF FF EE 6B 
00 FF FF 00 02 10 22 93 00 00 02 00 00 02 23 42 0C 00 00 00 EC FF ED 64 
00 FF FF 00 02 10 22 93 00 00 02 00 00 02 23 44 0C 00 00 00 A5 FF F0 68 
00 FF FF 00 02 10 22 93 00 00 02 00 00 02 23 49 0C 00 00 00 EE FF ED 69 
00 FF FF 00 02 10 22 93 00 00 02 00 00 02 23 4C 0C 00 00 01 1B FF EF 6B 
00 FF FF 00 02 10 22 93 00 00 02 00 00 02 23 4F 0C 00 00 01 B5 FF EF 6B 
00 FF FF 00 02 10 22 93 00 00 02 00 00 02 23 55 0C 00 00 02 4E FF EE 6A 
00 FF FF 00 02 10 22 93 00 00 02 00 00 02 23 59 0C 00 00 01 BD FF EE 6B 
00 FF FF 00 02 10 22 93 00 00 02 00 00 02 23 61 0C 00 00 02 27 FF EE 69 
00 FF FF 00 02 10 22 93 00 00 02 00 00 02 23 66 0C 00 00 01 D1 FF EF 6C 
00 FF FF 00 02 10 22 93 00 00 02 00 00 02 23 6A 0C 00 00 04 0D FF EF 69 
00 FF FF 00 02 10 22 93 00 00 02 00 00 02 23 6B 0C 00 00 01 78 FF EF 6B 
00 FF FF 00 02 10 22 93 00 00 02 00 00 02 23 6D 0C 00 00 01 62 FF EF 6B 
00 FF FF 00 02 10 22 93 00 00 02 00 00 02 23 70 0C 00 00 00 FB FF EF 6B 
00 FF FF 00 02 10 22 93 00 00 02 00 00 02 23 71 0C 00 00 00 C1 FF ED 6C 
00 FF FF 00 02 10 22 93 00 00 02 00 00 02 23 76 0C 00 00 02 16 FF EF 6A 
00 FF FF 00 02 10 22 93 00 00 02 00 00 02 23 7F 0C 00 00 03 22 FF EF 6C 
00 FF FF 00 02 10 22 93 00 00 02 00 00 02 23 80 0C 00 00 00 C4 FF ED 6B 
00 FF FF 00 02 10 22 93 00 00 02 00 00 02 23 82 0C 00 00 02 BC FF EE 68 
00 FF FF 00 02 10 22 93 00 00 02 00 00 02 23 8B 0C 00 00 00 9F FF EF 6B 
00 FF FF 00 02 10 22 93 00 00 02 00 00 02 23 8E 0C 00 00 01 CB FF EF 69 
00 FF FF 00 02 10 22 93 00 00 02 00 00 02 23 90 0C 00 00 02 61 FF EE 68 
00 FF FF 00 02 10 22 93 00 00 02 00 00 02 23 94 0C 00 00 01 77 FF EE 69 
00 FF FF 00 02 10 22 93 00 00 02 00 00 02 23 98 0C 00 00 01 5A FF EE 67 
00 FF FF 00 02 10 22 93 00 00 02 00 00 02 23 9C 0C 00 00 01 AB FF EE 69 
00 FF FF 00 02 10 22 93 00 00 02 00 00 02 23 9D 0C 00 00 00 9C FF EE 6B 
00 FF FF 00 02 10 22 93 00 00 02 00 00 02 23 A1 0C 00 00 05 48 FF F0 69 
00 FF FF 00 02 10 22 93 00 00 02 00 00 02 23 A3 0C 00 00 06 C8 FF EF 6B 
00 FF FF 00 02 10 22 93 00 00 02 00 00 02 23 A6 0C 00 00 07 9C FF EE 69 
00 FF FF 00 02 10 22 93 00 00 02 00 00 02 23 A7 0C 00 00 03 EE FF F0 52 
00 FF FF 00 02 10 22 93 00 00 02 00 00 02 23 A8 0C 00 00 04 64 FF EE 60 
00 FF FF 00 02 10 22 93 00 00 02 00 00 02 23 A9 0C 00 00 01 98 FF EE 69 
00 FF FF 00 02 10 22 93 00 00 02 00 00 02 23 AB 0C 00 00 01 7A FF EF 6A 
00 FF FF 00 02 10 22 93 00 00 02 00 00 02 23 AD 0C 00 00 02 22 FF EE 6B 
00 FF FF 00 02 10 22 93 00 00 02 00 00 02 23 B1 0C 00 00 01 E5 FF EF 69 
00 FF FF 00 02 10 22 93 00 00 02 00 00 02 23 B4 0C 00 00 02 79 FF ED 6A 
00 FF FF 00 02 10 22 93 00 00 02 00 00 02 23 B5 0C 00 00 00 D9 FF EF 6B 
00 FF FF 00 02 10 22 93 00 00 02 00 00 02 23 B6 0C 00 00 00 D4 FF EE 6B 
00 FF FF 00 02 10 22 93 00 00 02 00 00 02 23 B7 0C 00 00 03 3D FF ED 6B 
00 FF FF 00 02 10 22 93 00 00 02 00 00 02 23 BB 0C 00 00 01 C8 FF EF 6A 
00 FF FF 00 02 10 22 93 00 00 02 00 00 02 23 BC 0C 00 00 04 80 FF EE 68 
00 FF FF 00 02 10 22 93 00 00 02 00 00 02 23 BE 0C 00 00 01 40 FF EF 6B 
00 FF FF 00 02 10 22 93 00 00 02 00 00 02 23 C1 0C 00 00 01 0F FF EF 6B 
00 FF FF 00 02 10 22 93 00 00 02 00 00 02 23 C2 0C 00 00 03 71 FF EF 6B 
00 FF FF 00 02 10 22 93 00 00 02 00 00 02 23 C3 0C 00 00 01 74 FF ED 58 
00 FF FF 00 02 10 22 93 00 00 02 00 00 02 23 C4 0C 00 00 00 EB FF EE 42 
00 FF FF 00 02 10 22 93 00 00 02 00 00 02 23 C5 0C 00 00 01 22 FF EE 6C 
00 FF FF 00 02 10 22 93 00 00 02 00 00 02 23 C6 0C 00 00 08 19 FF ED 6A 
00 FF FF 00 02 10 22 93 00 00 02 00 00 02 23 C8 0C 00 00 04 3F FF EF 69 
00 FF FF 00 02 10 22 93 00 00 02 00 00 02 23 C9 0C 00 00 02 13 FF EF 6B 
00 FF FF 00 02 10 22 93 00 00 02 00 00 02 23 CA 0C 00 00 03 97 FF EE 69 
00 FF FF 00 02 10 22 93 00 00 02 00 00 02 23 CB 0C 00 00 08 2F FF EF 6C 
00 FF FF 00 02 10 22 93 00 00 02 00 00 02 23 CC 0C 00 00 06 13 FF EE 6A 
00 FF FF 00 02 10 22 93 00 00 02 00 00 02 23 CD 0C 00 00 03 B2 FF ED 6B 
00 FF FF 00 02 10 22 93 00 00 02 00 00 02 23 CE 0C 00 00 0C E5 FF EE 6B 
00 FF FF 00 02 10 22 93 00 00 02 00 00 02 23 CF 0C 00 00 06 1E FF ED 68 
00 FF FF 00 02 10 22 93 00 00 02 00 00 02 23 D0 0C 00 00 03 E7 FF ED 62 
00 FF FF 00 02 10 22 93 00 00 02 00 00 02 23 D1 0C 00 00 04 1E FF EE 6A 
00 FF FF 00 02 10 22 93 00 00 02 00 00 02 23 D2 0C 00 00 03 78 FF EE 6B 
00 FF FF 00 02 10 22 93 00 00 02 00 00 02 23 D3 0C 00 00 0E 95 FF EF 6A 
00 FF FF 00 02 10 22 93 00 00 02 00 00 02 23 D6 0C 00 00 06 23 FF EF 69 
00 FF FF 00 02 10 22 93 00 00 02 00 00 02 23 D7 0C 00 00 0D AA FF EF 6B 
00 FF FF 00 02 10 22 93 00 00 02 00 00 02 23 D8 0C 00 00 01 97 FF EF 6A 
00 FF FF 00 02 10 22 93 00 00 02 00 00 02 23 D9 0C 00 00 06 9E FF EF 6B 
00 FF FF 00 02 10 22 93 00 00 02 00 00 02 23 DB 0C 00 00 02 B6 FF ED 69 
00 FF FF 00 02 10 22 93 00 00 02 00 00 02 23 DC 0C 00 00 03 24 FF EF 6A 
00 FF FF 00 02 10 22 93 00 00 02 00 00 02 23 DD 0C 00 00 06 EB FF EE 6B 
00 FF FF 00 02 10 22 93 00 00 02 00 00 02 23 DE 0C 00 00 03 F1 FF EF 6B 
00 FF FF 00 02 10 22 93 00 00 02 00 00 02 23 DF 0C 00 00 03 5F FF EF 6B 
00 FF FF 00 02 10 22 93 00 00 02 00 00 02 23 E0 0C 00 00 0D 79 FF EE 69 
00 FF FF 00 02 10 22 93 00 00 02 00 00 02 23 E1 0C 00 00 05 15 FF EF 69 
00 FF FF 00 02 10 22 93 00 00 02 00 00 02 23 E2 0C 00 00 0B B6 FF EE 6B 
00 FF FF 00 02 10 22 93 00 00 02 00 00 02 23 E3 0C 00 00 0C 09 FF EF 6C 
00 FF FF 00 02 10 22 93 00 00 02 00 00 02 23 E4 0C 00 00 09 57 FF EF 6A 
00 FF FF 00 02 10 22 93 00 00 02 00 00 02 23 E6 0C 00 00 0F D0 FF EF 6A 
00 FF FF 00 02 10 22 93 00 00 02 00 00 02 23 E7 0C 00 00 0D A6 FF EF 6A 
00 FF FF 00 02 10 22 93 00 00 02 00 00 02 23 E8 0C 00 00 08 B0 FF EF 67 
00 FF FF 00 02 10 22 93 00 00 02 00 00 02 23 EA 0C 00 00 06 4E FF ED 6A 
00 FF FF 00 02 10 22 93 00 00 02 00 00 02 23 EB 0C 00 00 0B 5F FF EE 6C 
00 FF FF 00 02 10 22 93 00 00 02 00 00 02 23 EC 0C 00 00 07 C4 FF EF 6A 
00 FF FF 00 02 10 22 93 00 00 02 00 00 02 23 ED 0C 00 00 0C 17 FF EF 6C 
00 FF FF 00 02 10 22 93 00 00 02 00 00 02 23 EE 0C 00 00 05 0E FF ED 6A 
00 FF FF 00 02 10 22 93 00 00 02 00 00 02 23 EF 0C 00 00 07 43 FF EE 69 
00 FF FF 00 02 10 22 93 00 00 02 00 00 02 23 F0 0C 00 00 04 21 FF EF 6A 
00 FF FF 00 02 10 22 93 00 00 02 00 00 02 23 F1 0C 00 00 04 2B FF EE 6B 
00 FF FF 00 02 10 22 93 00 00 02 00 00 02 23 F2 0C 00 00 07 02 FF ED 68 
00 FF FF 00 02 10 22 93 00 00 02 00 00 02 23 F3 0C 00 00 02 2B FF EF 6A 
00 FF FF 00 02 10 22 93 00 00 02 00 00 02 23 F4 0C 00 00 0A 3E FF EF 67 
00 FF FF 00 02 10 22 93 00 00 02 00 00 02 23 F5 0C 00 00 06 5B FF EF 6C 
00 FF FF 00 02 10 22 93 00 00 02 00 00 02 23 F6 0C 00 00 08 EF FF ED 6C 
00 FF FF 00 02 10 22 93 00 00 02 00 00 02 23 F7 0C 00 00 04 7C FF EE 6B 
00 FF FF 00 02 10 22 93 00 00 02 00 00 02 23 F8 0C 00 00 06 14 FF EE 69 
00 FF FF 00 02 10 22 93 00 00 02 00 00 02 23 FA 0C 00 00 06 B9 FF ED 69 
00 FF FF 00 02 10 22 93 00 00 02 00 00 02 23 FB 0C 00 00 09 E9 FF EE 69 
00 FF FF 00 02 10 22 93 00 00 02 00 00 02 23 FC 0C 00 00 0C B7 FF EE 68 
00 FF FF 00 02 10 22 93 00 00 02 00 00 02 23 FE 0C 00 00 05 D5 FF EF 6C 
00 FF FF 00 02 10 22 93 00 00 02 00 00 02 23 FF 0C 00 00 07 7C FF EE 6C 
00 FF FF 00 02 10 22 93 00 00 02 00 00 02 24 00 0C 00 00 04 21 FF EC 40 
00 FF FF 00 02 10 22 93 00 00 02 00 00 02 24 01 0C 00 00 05 EF FF EE 69 
00 FF FF 00 02 10 22 93 00 00 02 00 00 02 24 02 0C 00 00 0F 32 FF EF 6C 
00 FF FF 00 02 10 22 93 00 00 02 00 00 02 24 03 0C 00 00 0B 43 FF EF 6A 
00 FF FF 00 02 10 22 93 00 00 02 00 00 02 24 04 0C 00 00 0A BE FF F0 6A 
00 FF FF 00 02 10 22 93 00 00 02 00 00 02 24 05 0C 00 00 0A 5C FF EE 6B 
00 FF FF 00 02 10 22 93 00 00 02 00 00 02 24 06 0C 00 00 04 A6 FF EE 6B 
00 FF FF 00 02 10 22 93 00 00 02 00 00 02 24 07 0C 00 00 0E E6 FF EE 6C 
00 FF FF 00 02 10 22 93 00 00 02 00 00 02 24 08 0C 00 00 06 A1 FF EE 6B 
00 FF FF 00 02 10 22 93 00 00 02 00 00 02 24 09 0C 00 00 05 C8 FF EC 69 
00 FF FF 00 02 10 22 93 00 00 02 00 00 02 24 0B 0C 00 00 08 17 FF EF 69 
00 FF FF 00 02 10 22 93 00 00 02 00 00 02 24 0C 0C 00 00 0A AE FF ED 6C 
00 FF FF 00 02 10 22 93 00 00 02 00 00 02 24 0D 0C 00 00 09 3D FF ED 6B 
00 FF FF 00 02 10 22 93 00 00 02 00 00 02 24 0E 0C 00 00 08 5C FF EF 48 
00 FF FF 00 02 10 22 93 00 00 02 00 00 02 24 10 0C 00 00 04 46 FF ED 6C 
00 FF FF 00 02 10 22 93 00 00 02 00 00 02 24 11 0C 00 00 06 77 FF EE 62 
00 FF FF 00 02 10 22 93 00 00 02 00 00 02 24 12 0C 00 00 02 E6 FF ED 6B 
00 FF FF 00 02 10 22 93 00 00 02 00 00 02 24 13 0C 00 00 07 FB FF EE 6C 
00 FF FF 00 02 10 22 93 00 00 02 00 00 02 24 14 0C 00 00 01 A3 FF EE 6B 
00 FF FF 00 02 10 22 93 00 00 02 00 00 02 24 15 0C 00 00 01 5A FF EE 6B 
00 FF FF 00 02 10 22 93 00 00 02 00 00 02 24 16 0C 00 00 03 86 FF EE 6B 
00 FF FF 00 02 10 22 93 00 00 02 00 00 02 24 17 0C 00 00 08 32 FF EE 6B 
00 FF FF 00 02 10 22 93 00 00 02 00 00 02 24 18 0C 00 00 06 5F FF ED 68 
00 FF FF 00 02 10 22 93 00 00 02 00 00 02 24 19 0C 00 00 0B 80 FF EE 6B 
00 FF FF 00 02 10 22 93 00 00 02 00 00 02 24 1A 0C 00 00 06 50 FF EE 6A 
00 FF FF 00 02 10 22 93 00 00 02 00 00 02 24 1B 0C 00 00 08 27 FF EF 6B 
00 FF FF 00 02 10 22 93 00 00 02 00 00 02 24 1C 0C 00 00 06 A9 FF EF 6B 
00 FF FF 00 02 10 22 93 00 00 02 00 00 02 24 1D 0C 00 00 03 6F FF ED 6A 
00 FF FF 00 02 10 22 93 00 00 02 00 00 02 24 1E 0C 00 00 06 84 FF ED 69 
00 FF FF 00 02 10 22 93 00 00 02 00 00 02 24 1F 0C 00 00 0C 44 FF EF 6C 
00 FF FF 00 02 10 22 93 00 00 02 00 00 02 24 20 0C 00 00 08 9D FF EF 6B 
00 FF FF 00 02 10 22 93 00 00 02 00 00 02 24 21 0C 00 00 05 5C FF EE 6A 
00 FF FF 00 02 10 22 93 00 00 02 00 00 02 24 22 0C 00 00 07 42 FF EF 6B 
00 FF FF 00 02 10 22 93 00 00 02 00 00 02 24 23 0C 00 00 0A 80 FF EE 6B 
00 FF FF 00 02 10 22 93 00 00 02 00 00 02 24 24 0C 00 00 08 62 FF EE 6A 
00 FF FF 00 02 10 22 93 00 00 02 00 00 02 24 26 0C 00 00 0A 57 FF EF 6C 
00 FF FF 00 02 10 22 93 00 00 02 00 00 02 24 27 0C 00 00 0A 33 FF EF 6B 
00 FF FF 00 02 10 22 93 00 00 02 00 00 02 24 28 0C 00 00 01 B0 FF F1 60 
00 FF FF 00 02 10 22 93 00 00 02 00 00 02 24 29 0C 00 00 03 E7 FF F0 6B 
00 FF FF 00 02 10 22 93 00 00 02 00 00 02 24 2A 0C 00 00 02 AD FF EF 69 
00 FF FF 00 02 10 22 93 00 00 02 00 00 02 24 2B 0C 00 00 07 8B FF EE 6B 
00 FF FF 00 02 10 22 93 00 00 02 00 00 02 24 2C 0C 00 00 05 EB FF EE 6B 
00 FF FF 00 02 10 22 93 00 00 02 00 00 02 24 2D 0C 00 00 04 0C FF F0 6C 
00 FF FF 00 02 10 22 93 00 00 02 00 00 02 24 2E 0C 00 00 03 F8 FF EF 6B 
00 FF FF 00 02 10 22 93 00 00 02 00 00 02 24 2F 0C 00 00 00 B5 FF EF 6B 
00 FF FF 00 02 10 22 93 00 00 02 00 00 02 24 30 0C 00 00 06 99 FF EF 6A 
00 FF FF 00 02 10 22 93 00 00 02 00 00 02 24 31 0C 00 00 00 65 FF EF 6B 
00 FF FF 00 02 10 22 93 00 00 02 00 00 02 24 32 0C 00 00 04 DB FF F0 6B 
00 FF FF 00 02 10 22 93 00 00 02 00 00 02 24 33 0C 00 00 08 72 FF F0 6C 
00 FF FF 00 02 10 22 93 00 00 02 00 00 02 24 34 0C 00 00 04 A4 FF EF 6A 
00 FF FF 00 02 10 22 93 00 00 02 00 00 02 24 35 0C 00 00 01 E6 FF EF 6C 
00 FF FF 00 02 10 22 93 00 00 02 00 00 02 24 36 0C 00 00 06 60 FF EF 68 
00 FF FF 00 02 10 22 93 00 00 02 00 00 02 24 37 0C 00 00 08 2E FF EF 6B 
00 FF FF 00 02 10 22 93 00 00 02 00 00 02 24 38 0C 00 00 07 D8 FF EF 6A 
00 FF FF 00 02 10 22 93 00 00 02 00 00 02 24 39 0C 00 00 08 C3 FF EE 6A 
00 FF FF 00 02 10 22 93 00 00 02 00 00 02 24 3A 0C 00 00 06 2F FF EE 6B 
00 FF FF 00 02 10 22 93 00 00 02 00 00 02 24 3B 0C 00 00 0D 13 FF EF 6A 
00 FF FF 00 02 10 22 93 00 00 02 00 00 02 24 3C 0C 00 00 09 F5 FF F0 6B 
00 FF FF 00 02 10 22 93 00 00 02 00 00 02 24 3D 0C 00 00 08 C5 FF EF 6B 
00 FF FF 00 02 10 22 93 00 00 02 00 00 02 24 3E 0C 00 00 09 42 FF EF 6B 
00 FF FF 00 02 10 22 93 00 00 02 00 00 02 24 3F 0C 00 00 06 DE FF EE 69 
00 FF FF 00 02 10 22 93 00 00 02 00 00 02 24 40 0C 00 00 06 16 FF EF 6C 
00 FF FF 00 02 10 22 93 00 00 02 00 00 02 24 41 0C 00 00 07 5B FF EE 6B 
00 FF FF 00 02 10 22 93 00 00 02 00 00 02 24 42 0C 00 00 08 01 FF ED 6A 
00 FF FF 00 02 10 22 93 00 00 02 00 00 02 24 43 0C 00 00 0B F8 FF EE 6A 
00 FF FF 00 02 10 22 93 00 00 02 00 00 02 24 44 0C 00 00 0D 13 FF EF 6B 
00 FF FF 00 02 10 22 93 00 00 02 00 00 02 24 46 0C 00 00 05 50 FF F4 6C 
00 FF FF 00 02 10 22 93 00 00 02 00 00 02 24 47 0C 00 00 0C F2 FF EF 6B 
00 FF FF 00 02 10 22 93 00 00 02 00 00 02 24 48 0C 00 00 07 24 FF F1 69 
00 FF FF 00 02 10 22 93 00 00 02 00 00 02 24 49 0C 00 00 06 64 FF EE 6A 
00 FF FF 00 02 10 22 93 00 00 02 00 00 02 24 4A 0C 00 00 05 78 FF F1 6B 
00 FF FF 00 02 10 22 93 00 00 02 00 00 02 24 4B 0C 00 00 05 4F FF EF 6A 
00 FF FF 00 02 10 22 93 00 00 02 00 00 02 24 4C 0C 00 00 06 73 FF EE 6A 
00 FF FF 00 02 10 22 93 00 00 02 00 00 02 24 4D 0C 00 00 05 D5 FF EE 6B 
00 FF FF 00 02 10 22 93 00 00 02 00 00 02 24 4E 0C 00 00 06 5E FF EE 6B 
00 FF FF 00 02 10 22 93 00 00 02 00 00 02 24 4F 0C 00 00 05 5A FF EF 6B 
00 FF FF 00 02 10 22 93 00 00 02 00 00 02 24 50 0C 00 00 06 99 FF F0 6A 
00 FF FF 00 02 10 22 93 00 00 02 00 00 02 24 52 0C 00 00 01 74 FF EF 6C 
00 FF FF 00 02 10 22 93 00 00 02 00 00 02 24 53 0C 00 00 07 EB FF EF 69 
00 FF FF 00 02 10 22 93 00 00 02 00 00 02 24 54 0C 00 00 06 59 FF EF 6A 
00 FF FF 00 02 10 22 93 00 00 02 00 00 02 24 55 0C 00 00 11 EE FF EE 69 
00 FF FF 00 02 10 22 93 00 00 02 00 00 02 24 56 0C 00 00 08 96 FF EE 6B 
00 FF FF 00 02 10 22 93 00 00 02 00 00 02 24 57 0C 00 00 06 FE FF EE 6A 
00 FF FF 00 02 10 22 93 00 00 02 00 00 02 24 58 0C 00 00 0A AE FF EF 6C 
00 FF FF 00 02 10 22 93 00 00 02 00 00 02 24 59 0C 00 00 07 19 FF ED 6B 
00 FF FF 00 02 10 22 93 00 00 02 00 00 02 24 5A 0C 00 00 04 3A FF EF 69 
00 FF FF 00 02 10 22 93 00 00 02 00 00 02 24 5B 0C 00 00 08 24 FF ED 6C 
00 FF FF 00 02 10 22 93 00 00 02 00 00 02 24 5C 0C 00 00 06 0F FF EE 6C 
00 FF FF 00 02 10 22 93 00 00 02 00 00 02 24 5D 0C 00 00 06 F6 FF EF 6A 
00 FF FF 00 02 10 22 93 00 00 02 00 00 02 24 5E 0C 00 00 07 D3 FF EE 6B 
00 FF FF 00 02 10 22 93 00 00 02 00 00 02 24 5F 0C 00 00 05 06 FF EF 6A 
00 FF FF 00 02 10 22 93 00 00 02 00 00 02 24 60 0C 00 00 03 FB FF EF 69 
00 FF FF 00 02 10 22 93 00 00 02 00 00 02 24 61 0C 00 00 07 35 FF ED 6B 
00 FF FF 00 02 10 22 93 00 00 02 00 00 02 24 62 0C 00 00 06 98 FF EE 6B 
00 FF FF 00 02 10 22 93 00 00 02 00 00 02 24 63 0C 00 00 02 88 FF EF 6C 
00 FF FF 00 02 10 22 93 00 00 02 00 00 02 24 64 0C 00 00 0A 68 FF EF 6B 
00 FF FF 00 02 10 22 93 00 00 02 00 00 02 24 65 0C 00 00 03 6C FF EF 6B 
00 FF FF 00 02 10 22 93 00 00 02 00 00 02 24 66 0C 00 00 0B D6 FF EF 6C 
00 FF FF 00 02 10 22 93 00 00 02 00 00 02 24 67 0C 00 00 08 5D FF EF 6B 
00 FF FF 00 02 10 22 93 00 00 02 00 00 02 24 68 0C 00 00 06 32 FF EE 69 
00 FF FF 00 02 10 22 93 00 00 02 00 00 02 24 69 0C 00 00 10 AF FF EF 6C 
00 FF FF 00 02 10 22 93 00 00 02 00 00 02 24 6A 0C 00 00 08 C1 FF EF 6B 
00 FF FF 00 02 10 22 93 00 00 02 00 00 02 24 6B 0C 00 00 07 E8 FF EF 6B 
00 FF FF 00 02 10 22 93 00 00 02 00 00 02 24 6C 0C 00 00 08 D7 FF EF 6A 
00 FF FF 00 02 10 22 93 00 00 02 00 00 02 24 6D 0C 00 00 07 85 FF EF 67 
00 FF FF 00 02 10 22 93 00 00 02 00 00 02 24 6E 0C 00 00 03 F3 FF EF 6C 
00 FF FF 00 02 10 22 93 00 00 02 00 00 02 24 6F 0C 00 00 07 B0 FF EF 6A 
00 FF FF 00 02 10 22 93 00 00 02 00 00 02 24 70 0C 00 00 06 43 FF EF 6A 
00 FF FF 00 02 10 22 93 00 00 02 00 00 02 24 71 0C 00 00 08 C6 FF EE 6B 
00 FF FF 00 02 10 22 93 00 00 02 00 00 02 24 72 0C 00 00 0A A0 FF EF 6B 
00 FF FF 00 02 10 22 93 00 00 02 00 00 02 24 73 0C 00 00 04 0F FF EF 68 
00 FF FF 00 02 10 22 93 00 00 02 00 00 02 24 74 0C 00 00 03 CD FF EF 6B 
00 FF FF 00 02 10 22 93 00 00 02 00 00 02 24 77 0C 00 00 08 EE FF EF 6B 
00 FF FF 00 02 10 22 93 00 00 02 00 00 02 24 78 0C 00 00 0B 12 FF EE 69 
00 FF FF 00 02 10 22 93 00 00 02 00 00 02 24 79 0C 00 00 0C 4A FF EE 6B 
00 FF FF 00 02 10 22 93 00 00 02 00 00 02 24 7A 0C 00 00 01 71 FF EE 6A 
00 FF FF 00 02 10 22 93 00 00 02 00 00 02 24 7C 0C 00 00 05 C1 FF F0 6C 
00 FF FF 00 02 10 22 93 00 00 02 00 00 02 24 7D 0C 00 00 14 42 FF EE 6C 
00 FF FF 00 02 10 22 93 00 00 02 00 00 02 24 7E 0C 00 00 09 50 FF EE 6A 
00 FF FF 00 02 10 22 93 00 00 02 00 00 02 24 7F 0C 00 00 08 A1 FF EF 6B 
00 FF FF 00 02 10 22 93 00 00 02 00 00 02 24 80 0C 00 00 05 3B FF ED 6C 
00 FF FF 00 02 10 22 93 00 00 02 00 00 02 24 81 0C 00 00 08 C5 FF EF 6A 
00 FF FF 00 02 10 22 93 00 00 02 00 00 02 24 82 0C 00 00 0A DE FF EE 62 
00 FF FF 00 02 10 22 93 00 00 02 00 00 02 24 83 0C 00 00 0B CC FF EE 6C 
00 FF FF 00 02 10 22 93 00 00 02 00 00 02 24 84 0C 00 00 05 BB FF EF 6B 
00 FF FF 00 02 10 22 93 00 00 02 00 00 02 24 85 0C 00 00 0B A4 FF EF 69 
00 FF FF 00 02 10 22 93 00 00 02 00 00 02 24 87 0C 00 00 01 02 FF ED 6B 
00 FF FF 00 02 10 22 93 00 00 02 00 00 02 24 88 0C 00 00 02 3E FF EE 68 
00 FF FF 00 02 10 22 93 00 00 02 00 00 02 24 89 0C 00 00 08 BB FF EE 6B 
00 FF FF 00 02 10 22 93 00 00 02 00 00 02 24 8A 0C 00 00 01 60 FF EF 5B 
00 FF FF 00 02 10 22 93 00 00 02 00 00 02 24 8B 0C 00 00 03 95 FF EF 69 
00 FF FF 00 02 10 22 93 00 00 02 00 00 02 24 8D 0C 00 00 05 23 FF EE 67 
00 FF FF 00 02 10 22 93 00 00 02 00 00 02 24 8E 0C 00 00 05 F2 FF EF 67 
00 FF FF 00 02 10 22 93 00 00 02 00 00 02 24 8F 0C 00 00 09 4D FF EE 6B 
00 FF FF 00 02 10 22 93 00 00 02 00 00 02 24 90 0C 00 00 05 F4 FF ED 6A 
00 FF FF 00 02 10 22 93 00 00 02 00 00 02 24 91 0C 00 00 0B 37 FF EF 6A 
00 FF FF 00 02 10 22 93 00 00 02 00 00 02 24 92 0C 00 00 11 14 FF F1 69 
00 FF FF 00 02 10 22 93 00 00 02 00 00 02 24 93 0C 00 00 0A CD FF F0 6B 
00 FF FF 00 02 10 22 93 00 00 02 00 00 02 24 94 0C 00 00 0A 77 FF ED 6A 
00 FF FF 00 02 10 22 93 00 00 02 00 00 02 24 95 0C 00 00 04 6F FF EF 6C 
00 FF FF 00 02 10 22 93 00 00 02 00 00 02 24 96 0C 00 00 00 E4 FF EF 6A 
00 FF FF 00 02 10 22 93 00 00 02 00 00 02 24 97 0C 00 00 11 12 FF EE 69 
00 FF FF 00 02 10 22 93 00 00 02 00 00 02 24 98 0C 00 00 05 F5 FF EE 6A 
00 FF FF 00 02 10 22 93 00 00 02 00 00 02 24 99 0C 00 00 05 B5 FF ED 69 
00 FF FF 00 02 10 22 93 00 00 02 00 00 02 24 9A 0C 00 00 09 0B FF EE 69 
00 FF FF 00 02 10 22 93 00 00 02 00 00 02 24 9C 0C 00 00 06 B7 FF EF 6B 
00 FF FF 00 02 10 22 93 00 00 02 00 00 02 24 9D 0C 00 00 05 9F FF F0 6A 
00 FF FF 00 02 10 22 93 00 00 02 00 00 02 24 9E 0C 00 00 00 E0 FF EF 6C 
00 FF FF 00 02 10 22 93 00 00 02 00 00 02 24 9F 0C 00 00 06 74 FF EF 69 
00 FF FF 00 02 10 22 93 00 00 02 00 00 02 24 A0 0C 00 00 05 7E FF EF 6C 
00 FF FF 00 02 10 22 93 00 00 02 00 00 02 24 A1 0C 00 00 05 1C FF EE 67 
00 FF FF 00 02 10 22 93 00 00 02 00 00 02 24 A2 0C 00 00 0C E3 FF EF 6C 
00 FF FF 00 02 10 22 93 00 00 02 00 00 02 24 A3 0C 00 00 07 6C FF EF 6B 
00 FF FF 00 02 10 22 93 00 00 02 00 00 02 24 A4 0C 00 00 08 B7 FF EF 6A 
00 FF FF 00 02 10 22 93 00 00 02 00 00 02 24 A6 0C 00 00 06 A9 FF F0 6C 
00 FF FF 00 02 10 22 93 00 00 02 00 00 02 24 A7 0C 00 00 09 B1 FF ED 6A 
00 FF FF 00 02 10 22 93 00 00 02 00 00 02 24 A8 0C 00 00 0E 1C FF EF 6A 
00 FF FF 00 02 10 22 93 00 00 02 00 00 02 24 A9 0C 00 00 07 B4 FF ED 65 
00 FF FF 00 02 10 22 93 00 00 02 00 00 02 24 AA 0C 00 00 04 8E FF ED 6A 
00 FF FF 00 02 10 22 93 00 00 02 00 00 02 24 AB 0C 00 00 08 F8 FF EF 6B 
00 FF FF 00 02 10 22 93 00 00 02 00 00 02 24 AC 0C 00 00 03 CE FF EF 6C 
00 FF FF 00 02 10 22 93 00 00 02 00 00 02 24 AD 0C 00 00 0B D0 FF EF 68 
00 FF FF 00 02 10 22 93 00 00 02 00 00 02 24 AE 0C 00 00 0C 0B FF ED 6B 
00 FF FF 00 02 10 22 93 00 00 02 00 00 02 24 AF 0C 00 00 03 50 FF EF 6B 
00 FF FF 00 02 10 22 93 00 00 02 00 00 02 24 B0 0C 00 00 13 F5 FF EE 6B 
00 FF FF 00 02 10 22 93 00 00 02 00 00 02 24 B1 0C 00 00 0B 49 FF ED 6C 
00 FF FF 00 02 10 22 93 00 00 02 00 00 02 24 B2 0C 00 00 06 43 FF ED 4C 
00 FF FF 00 02 10 22 93 00 00 02 00 00 02 24 B3 0C 00 00 03 AD FF EE 69 
00 FF FF 00 02 10 22 93 00 00 02 00 00 02 24 B4 0C 00 00 07 B5 FF EF 6B 
00 FF FF 00 02 10 22 93 00 00 02 00 00 02 24 B5 0C 00 00 03 80 FF EF 6B 
00 FF FF 00 02 10 22 93 00 00 02 00 00 02 24 B6 0C 00 00 06 EC FF F0 6B 
00 FF FF 00 02 10 22 93 00 00 02 00 00 02 24 B7 0C 00 00 01 5A FF F1 67 
00 FF FF 00 02 10 22 93 00 00 02 00 00 02 24 B8 0C 00 00 00 81 FF F1 67 
00 FF FF 00 02 10 22 93 00 00 02 00 00 02 24 B9 0C 00 00 06 7E FF F0 6C 
00 FF FF 00 02 10 22 93 00 00 02 00 00 02 24 BA 0C 00 00 03 99 FF EF 69 
00 FF FF 00 02 10 22 93 00 00 02 00 00 02 24 BB 0C 00 00 05 68 FF EF 6B 
00 FF FF 00 02 10 22 93 00 00 02 00 00 02 24 BD 0C 00 00 02 B2 FF EF 6B 
00 FF FF 00 02 10 22 93 00 00 02 00 00 02 24 BE 0C 00 00 08 97 FF EE 6B 
00 FF FF 00 02 10 22 93 00 00 02 00 00 02 24 BF 0C 00 00 09 4E FF EF 69 
00 FF FF 00 02 10 22 93 00 00 02 00 00 02 24 C0 0C 00 00 08 6F FF EF 69 
00 FF FF 00 02 10 22 93 00 00 02 00 00 02 24 C1 0C 00 00 08 E8 FF F0 6C 
00 FF FF 00 02 10 22 93 00 00 02 00 00 02 24 C2 0C 00 00 02 61 FF EE 6C 
00 FF FF 00 02 10 22 93 00 00 02 00 00 02 24 C3 0C 00 00 09 36 FF F0 6C 
00 FF FF 00 02 10 22 93 00 00 02 00 00 02 24 C4 0C 00 00 0E 1A FF EF 6A 
00 FF FF 00 02 10 22 93 00 00 02 00 00 02 24 C5 0C 00 00 07 DA FF F0 6B 
00 FF FF 00 02 10 22 93 00 00 02 00 00 02 24 C6 0C 00 00 02 82 FF EF 6B 
00 FF FF 00 02 10 22 93 00 00 02 00 00 02 24 C7 0C 00 00 0C 50 FF EF 69 
00 FF FF 00 02 10 22 93 00 00 02 00 00 02 24 C8 0C 00 00 05 91 FF ED 69 
00 FF FF 00 02 10 22 93 00 00 02 00 00 02 24 CA 0C 00 00 09 2E FF EF 6A 
00 FF FF 00 02 10 22 93 00 00 02 00 00 02 24 CC 0C 00 00 00 A2 FF EF 6B 
00 FF FF 00 02 10 22 93 00 00 02 00 00 02 24 CD 0C 00 00 03 46 FF EE 6B 
00 FF FF 00 02 10 22 93 00 00 02 00 00 02 24 CE 0C 00 00 0E C7 FF EF 68 
00 FF FF 00 02 10 22 93 00 00 02 00 00 02 24 CF 0C 00 00 04 36 FF F0 6B 
00 FF FF 00 02 10 22 93 00 00 02 00 00 02 24 D0 0C 00 00 08 D1 FF F1 68 
00 FF FF 00 02 10 22 93 00 00 02 00 00 02 24 D1 0C 00 00 04 E2 FF F0 53 
00 FF FF 00 02 10 22 93 00 00 02 00 00 02 24 D2 0C 00 00 07 17 FF EC 6C 
00 FF FF 00 02 10 22 93 00 00 02 00 00 02 24 D4 0C 00 00 04 94 FF F1 6C 
00 FF FF 00 02 10 22 93 00 00 02 00 00 02 24 D6 0C 00 00 0B 09 FF F0 68 
00 FF FF 00 02 10 22 93 00 00 02 00 00 02 24 D7 0C 00 00 0B 80 FF F0 6A 
00 FF FF 00 02 10 22 93 00 00 02 00 00 02 24 D8 0C 00 00 09 0D FF EF 6B 
00 FF FF 00 02 10 22 93 00 00 02 00 00 02 24 D9 0C 00 00 07 8A FF F1 6B 
00 FF FF 00 02 10 22 93 00 00 02 00 00 02 24 DA 0C 00 00 08 89 FF EF 6C 
00 FF FF 00 02 10 22 93 00 00 02 00 00 02 24 DB 0C 00 00 0E 28 FF F1 6A 
00 FF FF 00 02 10 22 93 00 00 02 00 00 02 24 DD 0C 00 00 04 66 FF F0 6B 
00 FF FF 00 02 10 22 93 00 00 02 00 00 02 24 DE 0C 00 00 10 05 FF F1 6B 
00 FF FF 00 02 10 22 93 00 00 02 00 00 02 24 E0 0C 00 00 04 77 FF EF 65 
00 FF FF 00 02 10 22 93 00 00 02 00 00 02 24 E1 0C 00 00 09 D4 FF EF 6C 
00 FF FF 00 02 10 22 93 00 00 02 00 00 02 24 E2 0C 00 00 08 AB FF F1 6C 
00 FF FF 00 02 10 22 93 00 00 02 00 00 02 24 E3 0C 00 00 06 7E FF F0 6A 
00 FF FF 00 02 10 22 93 00 00 02 00 00 02 24 E4 0C 00 00 02 97 FF F0 6C 
00 FF FF 00 02 10 22 93 00 00 02 00 00 02 24 E5 0C 00 00 04 8D FF F1 6B 
00 FF FF 00 02 10 22 93 00 00 02 00 00 02 24 E6 0C 00 00 01 7C FF F1 6B 
00 FF FF 00 02 10 22 93 00 00 02 00 00 02 24 E7 0C 00 00 0A 57 FF F0 6C 
00 FF FF 00 02 10 22 93 00 00 02 00 00 02 24 E9 0C 00 00 0C 9F FF F0 6C 
00 FF FF 00 02 10 22 93 00 00 02 00 00 02 24 EA 0C 00 00 0D FA FF F1 69 
00 FF FF 00 02 10 22 93 00 00 02 00 00 02 24 EB 0C 00 00 05 B2 FF F0 6B 
00 FF FF 00 02 10 22 93 00 00 02 00 00 02 24 EC 0C 00 00 06 18 FF EF 6C 
00 FF FF 00 02 10 22 93 00 00 02 00 00 02 24 ED 0C 00 00 09 AC FF EF 6A 
00 FF FF 00 02 10 22 93 00 00 02 00 00 02 24 EE 0C 00 00 07 1F FF EF 6A 
00 FF FF 00 02 10 22 93 00 00 02 00 00 02 24 EF 0C 00 00 0C 62 FF EF 6B 
00 FF FF 00 02 10 22 93 00 00 02 00 00 02 24 F0 0C 00 00 01 DE FF F0 6B 
00 FF FF 00 02 10 22 93 00 00 02 00 00 02 24 F1 0C 00 00 01 3C FF EF 6B 
00 FF FF 00 02 10 22 93 00 00 02 00 00 02 24 F2 0C 00 00 06 B0 FF EE 6B 
00 FF FF 00 02 10 22 93 00 00 02 00 00 02 24 F3 0C 00 00 0B 21 FF F0 6C 
00 FF FF 00 02 10 22 93 00 00 02 00 00 02 24 F4 0C 00 00 03 31 FF EF 6A 
00 FF FF 00 02 10 22 93 00 00 02 00 00 02 24 F5 0C 00 00 06 C2 FF EF 69 
00 FF FF 00 02 10 22 93 00 00 02 00 00 02 24 F6 0C 00 00 05 EB FF EF 6A 
00 FF FF 00 02 10 22 93 00 00 02 00 00 02 24 F7 0C 00 00 03 BB FF EF 6B 
00 FF FF 00 02 10 22 93 00 00 02 00 00 02 24 F8 0C 00 00 01 B3 FF ED 6A 
00 FF FF 00 02 10 22 93 00 00 02 00 00 02 24 F9 0C 00 00 02 C1 FF F0 68 
00 FF FF 00 02 10 22 93 00 00 02 00 00 02 24 FB 0C 00 00 04 5D FF F0 6B 
00 FF FF 00 02 10 22 93 00 00 02 00 00 02 24 FC 0C 00 00 02 44 FF F0 6B 
00 FF FF 00 02 10 22 93 00 00 02 00 00 02 24 FD 0C 00 00 03 70 FF F0 6B 
00 FF FF 00 02 10 22 93 00 00 02 00 00 02 24 FE 0C 00 00 04 46 FF F0 6C 
00 FF FF 00 02 10 22 93 00 00 02 00 00 02 25 00 0C 00 00 02 B0 FF F0 6B 
00 FF FF 00 02 10 22 93 00 00 02 00 00 02 25 01 0C 00 00 04 76 FF F0 69 
00 FF FF 00 02 10 22 93 00 00 02 00 00 02 25 02 0C 00 00 0B 20 FF EF 57 
00 FF FF 00 02 10 22 93 00 00 02 00 00 02 25 03 0C 00 00 02 FF FF F0 6B 
00 FF FF 00 02 10 22 93 00 00 02 00 00 02 25 04 0C 00 00 09 15 FF EF 6A 
00 FF FF 00 02 10 22 93 00 00 02 00 00 02 25 05 0C 00 00 03 27 FF F1 6B 
00 FF FF 00 02 10 22 93 00 00 02 00 00 02 25 06 0C 00 00 04 4D FF F0 6A 
00 FF FF 00 02 10 22 93 00 00 02 00 00 02 25 07 0C 00 00 06 71 FF F1 6A 
00 FF FF 00 02 10 22 93 00 00 02 00 00 02 25 08 0C 00 00 04 E8 FF F1 6C 
00 FF FF 00 02 10 22 93 00 00 02 00 00 02 25 09 0C 00 00 08 2E FF F0 69 
00 FF FF 00 02 10 22 93 00 00 02 00 00 02 25 0A 0C 00 00 09 BA FF EF 6A 
00 FF FF 00 02 10 22 93 00 00 02 00 00 02 25 0B 0C 00 00 06 20 FF F1 6B 
00 FF FF 00 02 10 22 93 00 00 02 00 00 02 25 0C 0C 00 00 07 87 FF EF 69 
00 FF FF 00 02 10 22 93 00 00 02 00 00 02 25 0D 0C 00 00 06 69 FF F1 66 
00 FF FF 00 02 10 22 93 00 00 02 00 00 02 25 0E 0C 00 00 04 30 FF F1 6A 
00 FF FF 00 02 10 22 93 00 00 02 00 00 02 25 0F 0C 00 00 05 80 FF F0 6A 
00 FF FF 00 02 10 22 93 00 00 02 00 00 02 25 10 0C 00 00 04 08 FF EF 68 
00 FF FF 00 02 10 22 93 00 00 02 00 00 02 25 11 0C 00 00 07 06 FF EE 67 
00 FF FF 00 02 10 22 93 00 00 02 00 00 02 25 12 0C 00 00 0C F8 FF EF 68 
00 FF FF 00 02 10 22 93 00 00 02 00 00 02 25 13 0C 00 00 0A 22 FF EF 6C 
00 FF FF 00 02 10 22 93 00 00 02 00 00 02 25 14 0C 00 00 04 21 FF EE 69 
00 FF FF 00 02 10 22 93 00 00 02 00 00 02 25 15 0C 00 00 0B 10 FF EF 6C 
00 FF FF 00 02 10 22 93 00 00 02 00 00 02 25 16 0C 00 00 10 B2 FF EE 6A 
00 FF FF 00 02 10 22 93 00 00 02 00 00 02 25 17 0C 00 00 02 FC FF EE 6B 
00 FF FF 00 02 10 22 93 00 00 02 00 00 02 25 18 0C 00 00 0C 18 FF EF 6B 
00 FF FF 00 02 10 22 93 00 00 02 00 00 02 25 19 0C 00 00 05 4E FF EF 65 
00 FF FF 00 02 10 22 93 00 00 02 00 00 02 25 1A 0C 00 00 02 D9 FF EF 6B 
00 FF FF 00 02 10 22 93 00 00 02 00 00 02 25 1B 0C 00 00 17 7B FF F1 6B 
00 FF FF 00 02 10 22 93 00 00 02 00 00 02 25 1C 0C 00 00 02 55 FF EE 6A 
00 FF FF 00 02 10 22 93 00 00 02 00 00 02 25 1D 0C 00 00 08 E7 FF F1 69 
00 FF FF 00 02 10 22 93 00 00 02 00 00 02 25 1F 0C 00 00 02 77 FF EF 6B 
00 FF FF 00 02 10 22 93 00 00 02 00 00 02 25 20 0C 00 00 08 3E FF EF 6B 
00 FF FF 00 02 10 22 93 00 00 02 00 00 02 25 21 0C 00 00 05 D4 FF F1 6A 
00 FF FF 00 02 10 22 93 00 00 02 00 00 02 25 22 0C 00 00 01 04 FF EF 6C 
00 FF FF 00 02 10 22 93 00 00 02 00 00 02 25 23 0C 00 00 04 11 FF EF 6A 
00 FF FF 00 02 10 22 93 00 00 02 00 00 02 25 24 0C 00 00 00 75 FF F0 6A 
00 FF FF 00 02 10 22 93 00 00 02 00 00 02 25 25 0C 00 00 02 7E FF EB 6B 
00 FF FF 00 02 10 22 93 00 00 02 00 00 02 25 26 0C 00 00 02 08 FF EE 62 
00 FF FF 00 02 10 22 93 00 00 02 00 00 02 25 27 0C 00 00 0B C7 FF EF 6A 
00 FF FF 00 02 10 22 93 00 00 02 00 00 02 25 28 0C 00 00 04 29 FF EE 6B 
00 FF FF 00 02 10 22 93 00 00 02 00 00 02 25 29 0C 00 00 05 EE FF EF 61 
00 FF FF 00 02 10 22 93 00 00 02 00 00 02 25 2A 0C 00 00 06 42 FF F1 6B 
00 FF FF 00 02 10 22 93 00 00 02 00 00 02 25 2B 0C 00 00 02 A1 FF F1 6A 
00 FF FF 00 02 10 22 93 00 00 02 00 00 02 25 2C 0C 00 00 04 66 FF F1 6B 
00 FF FF 00 02 10 22 93 00 00 02 00 00 02 25 2D 0C 00 00 00 C0 FF F1 6A 
00 FF FF 00 02 10 22 93 00 00 02 00 00 02 25 2E 0C 00 00 03 0C FF EF 69 
00 FF FF 00 02 10 22 93 00 00 02 00 00 02 25 2F 0C 00 00 01 9F FF EF 69 
00 FF FF 00 02 10 22 93 00 00 02 00 00 02 25 30 0C 00 00 03 5C FF EF 69 
00 FF FF 00 02 10 22 93 00 00 02 00 00 02 25 31 0C 00 00 05 77 FF ED 6B 
00 FF FF 00 02 10 22 93 00 00 02 00 00 02 25 32 0C 00 00 02 DC FF EA 4A 
00 FF FF 00 02 10 22 93 00 00 02 00 00 02 25 33 0C 00 00 02 49 FF EC 65 
00 FF FF 00 02 10 22 93 00 00 02 00 00 02 25 34 0C 00 00 00 BC FF EB 6A 
00 FF FF 00 02 10 22 93 00 00 02 00 00 02 25 36 0C 00 00 07 E8 FF EC 69 
00 FF FF 00 02 10 22 93 00 00 02 00 00 02 25 38 0C 00 00 00 E9 FF EE 6C 
00 FF FF 00 02 10 22 93 00 00 02 00 00 02 25 39 0C 00 00 02 E6 FF EF 6B 
00 FF FF 00 02 10 22 93 00 00 02 00 00 02 25 3A 0C 00 00 05 52 FF ED 6A 
00 FF FF 00 02 10 22 93 00 00 02 00 00 02 25 3C 0C 00 00 01 32 FF F0 6B 
00 FF FF 00 02 10 22 93 00 00 02 00 00 02 25 3D 0C 00 00 00 D0 FF F0 6C 
00 FF FF 00 02 10 22 93 00 00 02 00 00 02 25 3E 0C 00 00 0B 90 FF F5 6B 
00 FF FF 00 02 10 22 93 00 00 02 00 00 02 25 3F 0C 00 00 03 E7 FF EF 6B 
00 FF FF 00 02 10 22 93 00 00 02 00 00 02 25 42 0C 00 00 07 30 FF F0 6B 
00 FF FF 00 02 10 22 93 00 00 02 00 00 02 25 43 0C 00 00 0B BA FF EF 69 
00 FF FF 00 02 10 22 93 00 00 02 00 00 02 25 44 0C 00 00 04 5D FF F1 6C 
00 FF FF 00 02 10 22 93 00 00 02 00 00 02 25 45 0C 00 00 01 AA FF EF 69 
00 FF FF 00 02 10 22 93 00 00 02 00 00 02 25 46 0C 00 00 08 95 FF ED 6A 
00 FF FF 00 02 10 22 93 00 00 02 00 00 02 25 48 0C 00 00 04 E7 FF EB 6B 
00 FF FF 00 02 10 22 93 00 00 02 00 00 02 25 49 0C 00 00 0A 5F FF ED 62 
00 FF FF 00 02 10 22 93 00 00 02 00 00 02 25 4A 0C 00 00 01 2E FF F3 6B 
00 FF FF 00 02 10 22 93 00 00 02 00 00 02 25 4B 0C 00 00 01 37 FF F1 6A 
00 FF FF 00 02 10 22 93 00 00 02 00 00 02 25 4C 0C 00 00 05 4D FF F0 69 
00 FF FF 00 02 10 22 93 00 00 02 00 00 02 25 4D 0C 00 00 03 96 FF ED 6A 
00 FF FF 00 02 10 22 93 00 00 02 00 00 02 25 4E 0C 00 00 07 A3 FF F0 6A 
00 FF FF 00 02 10 22 93 00 00 02 00 00 02 25 4F 0C 00 00 07 32 FF F0 69 
00 FF FF 00 02 10 22 93 00 00 02 00 00 02 25 50 0C 00 00 00 F6 FF F1 6B 
00 FF FF 00 02 10 22 93 00 00 02 00 00 02 25 51 0C 00 00 02 0D FF EC 4A 
00 FF FF 00 02 10 22 93 00 00 02 00 00 02 25 53 0C 00 00 01 E4 FF EA 6C 
00 FF FF 00 02 10 22 93 00 00 02 00 00 02 25 54 0C 00 00 0E 6C FF EB 6A 
00 FF FF 00 02 10 22 93 00 00 02 00 00 02 25 55 0C 00 00 06 E5 FF ED 6B 
00 FF FF 00 02 10 22 93 00 00 02 00 00 02 25 57 0C 00 00 00 91 FF EB 6A 
00 FF FF 00 02 10 22 93 00 00 02 00 00 02 25 58 0C 00 00 03 62 FF F0 6A 
00 FF FF 00 02 10 22 93 00 00 02 00 00 02 25 59 0C 00 00 01 23 FF F0 6C 
00 FF FF 00 02 10 22 93 00 00 02 00 00 02 25 5A 0C 00 00 17 94 FF EC 6B 
00 FF FF 00 02 10 22 93 00 00 02 00 00 02 25 5C 0C 00 00 03 E5 FF F0 6B 
00 FF FF 00 02 10 22 93 00 00 02 00 00 02 25 5D 0C 00 00 02 16 FF F1 6B 
00 FF FF 00 02 10 22 93 00 00 02 00 00 02 25 5E 0C 00 00 01 35 FF EE 6A 
00 FF FF 00 02 10 22 93 00 00 02 00 00 02 25 5F 0C 00 00 0A 56 FF F1 68 
00 FF FF 00 02 10 22 93 00 00 02 00 00 02 25 60 0C 00 00 05 F9 FF EF 6C 
00 FF FF 00 02 10 22 93 00 00 02 00 00 02 25 61 0C 00 00 05 E3 FF EA 6C 
00 FF FF 00 02 10 22 93 00 00 02 00 00 02 25 62 0C 00 00 06 26 FF F0 68 
00 FF FF 00 02 10 22 93 00 00 02 00 00 02 25 63 0C 00 00 03 21 FF EE 67 
00 FF FF 00 02 10 22 93 00 00 02 00 00 02 25 64 0C 00 00 05 E8 FF ED 6B 
00 FF FF 00 02 10 22 93 00 00 02 00 00 02 25 65 0C 00 00 02 B3 FF F0 6A 
00 FF FF 00 02 10 22 93 00 00 02 00 00 02 25 66 0C 00 00 04 C5 FF EE 6B 
00 FF FF 00 02 10 22 93 00 00 02 00 00 02 25 67 0C 00 00 08 8D FF EF 69 
00 FF FF 00 02 10 22 93 00 00 02 00 00 02 25 68 0C 00 00 0A 28 FF F1 6A 
00 FF FF 00 02 10 22 93 00 00 02 00 00 02 25 6A 0C 00 00 01 88 FF F5 6C 
00 FF FF 00 02 10 22 93 00 00 02 00 00 02 25 6B 0C 00 00 12 8A FF F1 68 
00 FF FF 00 02 10 22 93 00 00 02 00 00 02 25 6C 0C 00 00 06 A4 FF F1 6B 
00 FF FF 00 02 10 22 93 00 00 02 00 00 02 25 6D 0C 00 00 06 A4 FF F1 6B 
00 FF FF 00 02 10 22 93 00 00 02 00 00 02 25 6E 0C 00 00 15 EB FF F1 6A 
00 FF FF 00 02 10 22 93 00 00 02 00 00 02 25 6F 0C 00 00 05 57 FF F1 6C 
00 FF FF 00 02 10 22 93 00 00 02 00 00 02 25 70 0C 00 00 09 2E FF F1 6A 
00 FF FF 00 02 10 22 93 00 00 02 00 00 02 25 71 0C 00 00 0A AA FF F1 6B 
00 FF FF 00 02 10 22 93 00 00 02 00 00 02 25 72 0C 00 00 03 B0 FF F0 6B 
00 FF FF 00 02 10 22 93 00 00 02 00 00 02 25 73 0C 00 00 02 FB FF F1 67 
00 FF FF 00 02 10 22 93 00 00 02 00 00 02 25 74 0C 00 00 08 38 FF F1 61 
00 FF FF 00 02 10 22 93 00 00 02 00 00 02 25 75 0C 00 00 01 D8 FF F0 6C 
00 FF FF 00 02 10 22 93 00 00 02 00 00 02 25 76 0C 00 00 05 4C FF F1 6B 
00 FF FF 00 02 10 22 93 00 00 02 00 00 02 25 77 0C 00 00 07 04 FF F1 6A 
00 FF FF 00 02 10 22 93 00 00 02 00 00 02 25 78 0C 00 00 07 C4 FF F1 6B 
00 FF FF 00 02 10 22 93 00 00 02 00 00 02 25 79 0C 00 00 06 08 FF F1 69 
00 FF FF 00 02 10 22 93 00 00 02 00 00 02 25 7A 0C 00 00 04 49 FF F0 6C 
00 FF FF 00 02 10 22 93 00 00 02 00 00 02 25 7B 0C 00 00 04 53 FF F2 6A 
00 FF FF 00 02 10 22 93 00 00 02 00 00 02 25 7C 0C 00 00 00 D3 FF F5 69 
00 FF FF 00 02 10 22 93 00 00 02 00 00 02 25 7D 0C 00 00 03 0D FF F1 69 
00 FF FF 00 02 10 22 93 00 00 02 00 00 02 25 7E 0C 00 00 00 E1 FF F2 69 
00 FF FF 00 02 10 22 93 00 00 02 00 00 02 25 7F 0C 00 00 00 C5 FF F2 6B 
00 FF FF 00 02 10 22 93 00 00 02 00 00 02 25 80 0C 00 00 06 DA FF F1 68 
00 FF FF 00 02 10 22 93 00 00 02 00 00 02 25 81 0C 00 00 00 B8 FF F1 6B 
00 FF FF 00 02 10 22 93 00 00 02 00 00 02 25 82 0C 00 00 03 32 FF F2 6B 
00 FF FF 00 02 10 22 93 00 00 02 00 00 02 25 83 0C 00 00 03 46 FF F1 6B 
00 FF FF 00 02 10 22 93 00 00 02 00 00 02 25 84 0C 00 00 06 C7 FF F2 6B 
00 FF FF 00 02 10 22 93 00 00 02 00 00 02 25 85 0C 00 00 07 39 FF F1 6B 
00 FF FF 00 02 10 22 93 00 00 02 00 00 02 25 86 0C 00 00 02 6E FF F3 6A 
00 FF FF 00 02 10 22 93 00 00 02 00 00 02 25 87 0C 00 00 02 04 FF F3 60 
00 FF FF 00 02 10 22 93 00 00 02 00 00 02 25 89 0C 00 00 03 60 FF F5 69 
00 FF FF 00 02 10 22 93 00 00 02 00 00 02 25 8A 0C 00 00 03 47 FF F4 68 
00 FF FF 00 02 10 22 93 00 00 02 00 00 02 25 8B 0C 00 00 02 6E FF F1 6B 
00 FF FF 00 02 10 22 93 00 00 02 00 00 02 25 8E 0C 00 00 02 EE FF F2 69 
00 FF FF 00 02 10 22 93 00 00 02 00 00 02 25 8F 0C 00 00 01 A9 FF F2 6A 
00 FF FF 00 02 10 22 93 00 00 02 00 00 02 25 90 0C 00 00 02 8C FF F2 6A 
00 FF FF 00 02 10 22 93 00 00 02 00 00 02 25 91 0C 00 00 03 00 FF F3 68 
00 FF FF 00 02 10 22 93 00 00 02 00 00 02 25 92 0C 00 00 02 C5 FF F2 68 
00 FF FF 00 02 10 22 93 00 00 02 00 00 02 25 93 0C 00 00 02 12 FF F1 6C 
00 FF FF 00 02 10 22 93 00 00 02 00 00 02 25 94 0C 00 00 05 F1 FF F2 69 
00 FF FF 00 02 10 22 93 00 00 02 00 00 02 25 95 0C 00 00 01 AB FF F5 6A 
00 FF FF 00 02 10 22 93 00 00 02 00 00 02 25 96 0C 00 00 01 D2 FF F2 6B 
00 FF FF 00 02 10 22 93 00 00 02 00 00 02 25 97 0C 00 00 08 F8 FF F2 6B 
00 FF FF 00 02 10 22 93 00 00 02 00 00 02 25 98 0C 00 00 02 33 FF F2 6C 
00 FF FF 00 02 10 22 93 00 00 02 00 00 02 25 99 0C 00 00 02 17 FF F2 6A 
00 FF FF 00 02 10 22 93 00 00 02 00 00 02 25 9A 0C 00 00 02 00 FF F2 6B 
00 FF FF 00 02 10 22 93 00 00 02 00 00 02 25 9B 0C 00 00 00 C0 FF F1 6B 
00 FF FF 00 02 10 22 93 00 00 02 00 00 02 25 9C 0C 00 00 01 30 FF F1 69 
00 FF FF 00 02 10 22 93 00 00 02 00 00 02 25 9D 0C 00 00 01 57 FF F2 6B 
00 FF FF 00 02 10 22 93 00 00 02 00 00 02 25 9E 0C 00 00 01 84 FF F2 69 
00 FF FF 00 02 10 22 93 00 00 02 00 00 02 25 9F 0C 00 00 03 DD FF F3 6C 
00 FF FF 00 02 10 22 93 00 00 02 00 00 02 25 A0 0C 00 00 00 64 FF F3 67 
00 FF FF 00 02 10 22 93 00 00 02 00 00 02 25 A1 0C 00 00 00 B7 FF F3 68 
00 FF FF 00 02 10 22 93 00 00 02 00 00 02 25 A2 0C 00 00 00 87 FF F5 6B 
00 FF FF 00 02 10 22 93 00 00 02 00 00 02 25 A3 0C 00 00 00 E6 FF F5 6C 
00 FF FF 00 02 10 22 93 00 00 02 00 00 02 25 A5 0C 00 00 01 25 FF F5 69 
00 FF FF 00 02 10 22 93 00 00 02 00 00 02 25 A6 0C 00 00 01 5A FF F5 6A 
00 FF FF 00 02 10 22 93 00 00 02 00 00 02 25 A8 0C 00 00 04 F5 FF F2 69 
00 FF FF 00 02 10 22 93 00 00 02 00 00 02 25 A9 0C 00 00 00 72 FF F1 5E 
00 FF FF 00 02 10 22 93 00 00 02 00 00 02 25 AA 0C 00 00 02 E1 FF F1 6C 
00 FF FF 00 02 10 22 93 00 00 02 00 00 02 25 AC 0C 00 00 04 6B FF F2 66 
00 FF FF 00 02 10 22 93 00 00 02 00 00 02 25 AD 0C 00 00 00 D5 FF F3 69 
00 FF FF 00 02 10 22 93 00 00 02 00 00 02 25 AE 0C 00 00 03 AE FF F4 6B 
00 FF FF 00 02 10 22 93 00 00 02 00 00 02 25 AF 0C 00 00 01 DB FF F2 69 
00 FF FF 00 02 10 22 93 00 00 02 00 00 02 25 B0 0C 00 00 01 6E FF EF 6C 
00 FF FF 00 02 10 22 93 00 00 02 00 00 02 25 B2 0C 00 00 00 65 FF F1 6A 
00 FF FF 00 02 10 22 93 00 00 02 00 00 02 25 B3 0C 00 00 01 59 FF F1 6A 
00 FF FF 00 02 10 22 93 00 00 02 00 00 02 25 B4 0C 00 00 00 D0 FF F5 6B 
00 FF FF 00 02 10 22 93 00 00 02 00 00 02 25 B5 0C 00 00 00 B0 FF F2 6A 
00 FF FF 00 02 10 22 93 00 00 02 00 00 02 25 B6 0C 00 00 01 F7 FF F1 69 
00 FF FF 00 02 10 22 93 00 00 02 00 00 02 25 B7 0C 00 00 00 8E FF F1 6B 
00 FF FF 00 02 10 22 93 00 00 02 00 00 02 25 B8 0C 00 00 00 8B FF F1 6A 
00 FF FF 00 02 10 22 93 00 00 02 00 00 02 25 B9 0C 00 00 01 61 FF F0 6B 
00 FF FF 00 02 10 22 93 00 00 02 00 00 02 25 BB 0C 00 00 00 75 FF F1 6A 
00 FF FF 00 02 10 22 93 00 00 02 00 00 02 25 BC 0C 00 00 00 6C FF F0 6A 
00 FF FF 00 02 10 22 93 00 00 02 00 00 02 25 BD 0C 00 00 01 33 FF F1 6A 
00 FF FF 00 02 10 22 93 00 00 02 00 00 02 25 BE 0C 00 00 01 05 FF F1 6A 
00 FF FF 00 02 10 22 93 00 00 02 00 00 02 25 BF 0C 00 00 00 A1 FF F1 67 
00 FF FF 00 02 10 22 93 00 00 02 00 00 02 25 C0 0C 00 00 00 6F FF F0 6B 
00 FF FF 00 02 10 22 93 00 00 02 00 00 02 25 C1 0C 00 00 00 89 FF F1 69 
00 FF FF 00 02 10 22 93 00 00 02 00 00 02 25 C2 0C 00 00 00 AD FF F3 6A 
00 FF FF 00 02 10 22 93 00 00 02 00 00 02 25 C3 0C 00 00 00 F0 FF F1 68 
00 FF FF 00 02 10 22 93 00 00 02 00 00 02 25 C4 0C 00 00 01 F0 FF F0 68 
00 FF FF 00 02 10 22 93 00 00 02 00 00 02 25 C5 0C 00 00 00 75 FF F1 66 
00 FF FF 00 02 10 22 93 00 00 02 00 00 02 25 C7 0C 00 00 00 99 FF F1 6B 
00 FF FF 00 02 10 22 93 00 00 02 00 00 02 25 C9 0C 00 00 00 BF FF F1 6A 
00 FF FF 00 02 10 22 93 00 00 02 00 00 02 25 CA 0C 00 00 02 1A FF F1 6A 
00 FF FF 00 02 10 22 93 00 00 02 00 00 02 25 CB 0C 00 00 00 B1 FF F1 6A 
00 FF FF 00 02 10 22 93 00 00 02 00 00 02 25 CD 0C 00 00 01 91 FF F0 67 
00 FF FF 00 02 10 22 93 00 00 02 00 00 02 25 CE 0C 00 00 01 16 FF F0 68 
00 FF FF 00 02 10 22 93 00 00 02 00 00 02 25 CF 0C 00 00 01 93 FF F1 68 
00 FF FF 00 02 10 22 93 00 00 02 00 00 02 25 D0 0C 00 00 01 90 FF F1 6B 
00 FF FF 00 02 10 22 93 00 00 02 00 00 02 25 D1 0C 00 00 02 0A FF F1 6B 
00 FF FF 00 02 10 22 93 00 00 02 00 00 02 25 D2 0C 00 00 04 02 FF F1 69 
00 FF FF 00 02 10 22 93 00 00 02 00 00 02 25 D3 0C 00 00 00 B0 FF EF 6C 
00 FF FF 00 02 10 22 93 00 00 02 00 00 02 25 D4 0C 00 00 00 7A FF F0 67 
00 FF FF 00 02 10 22 93 00 00 02 00 00 02 25 D6 0C 00 00 01 14 FF F1 66 
00 FF FF 00 02 10 22 93 00 00 02 00 00 02 25 D7 0C 00 00 00 DB FF F1 66 
00 FF FF 00 02 10 22 93 00 00 02 00 00 02 25 D8 0C 00 00 00 96 FF F2 64 
00 FF FF 00 02 10 22 93 00 00 02 00 00 02 25 D9 0C 00 00 00 B2 FF F2 5F 
00 FF FF 00 02 10 22 93 00 00 02 00 00 02 25 DB 0C 00 00 01 2E FF F3 6B 
00 FF FF 00 02 10 22 93 00 00 02 00 00 02 25 DC 0C 00 00 03 47 FF F1 6B 
00 FF FF 00 02 10 22 93 00 00 02 00 00 02 25 DD 0C 00 00 03 8E FF F1 69 
00 FF FF 00 02 10 22 93 00 00 02 00 00 02 25 DE 0C 00 00 02 C4 FF F1 6B 
00 FF FF 00 02 10 22 93 00 00 02 00 00 02 25 DF 0C 00 00 02 28 FF F2 69 
00 FF FF 00 02 10 22 93 00 00 02 00 00 02 25 E0 0C 00 00 04 15 FF F1 6B 
00 FF FF 00 02 10 22 93 00 00 02 00 00 02 25 E1 0C 00 00 03 89 FF F2 6B 
00 FF FF 00 02 10 22 93 00 00 02 00 00 02 25 E3 0C 00 00 00 E4 FF F1 69 
00 FF FF 00 02 10 22 93 00 00 02 00 00 02 25 E5 0C 00 00 02 17 FF F2 5D 
00 FF FF 00 02 10 22 93 00 00 02 00 00 02 25 E6 0C 00 00 00 F2 FF F1 6B 
00 FF FF 00 02 10 22 93 00 00 02 00 00 02 25 E7 0C 00 00 02 F2 FF F1 69 
00 FF FF 00 02 10 22 93 00 00 02 00 00 02 25 E8 0C 00 00 00 7A FF F1 6B 
00 FF FF 00 02 10 22 93 00 00 02 00 00 02 25 EA 0C 00 00 01 98 FF F1 6A 
00 FF FF 00 02 10 22 93 00 00 02 00 00 02 25 EB 0C 00 00 01 6D FF F1 6A 
00 FF FF 00 02 10 22 93 00 00 02 00 00 02 25 EC 0C 00 00 00 B3 FF F1 61 
00 FF FF 00 02 10 22 93 00 00 02 00 00 02 25 ED 0C 00 00 01 B6 FF F1 69 
00 FF FF 00 02 10 22 93 00 00 02 00 00 02 25 EE 0C 00 00 00 F3 FF F1 67 
00 FF FF 00 02 10 22 93 00 00 02 00 00 02 25 EF 0C 00 00 02 2F FF F1 68 
00 FF FF 00 02 10 22 93 00 00 02 00 00 02 25 F0 0C 00 00 01 76 FF F1 69 
00 FF FF 00 02 10 22 93 00 00 02 00 00 02 25 F1 0C 00 00 00 98 FF F2 67 
00 FF FF 00 02 10 22 93 00 00 02 00 00 02 25 F2 0C 00 00 00 8D FF F1 6A 
00 FF FF 00 02 10 22 93 00 00 02 00 00 02 25 F3 0C 00 00 01 35 FF F2 63 
00 FF FF 00 02 10 22 93 00 00 02 00 00 02 25 F4 0C 00 00 00 98 FF F1 6A 
00 FF FF 00 02 10 22 93 00 00 02 00 00 02 25 F5 0C 00 00 01 E9 FF F1 69 
00 FF FF 00 02 10 22 93 00 00 02 00 00 02 25 F6 0C 00 00 01 C5 FF F1 6B 
00 FF FF 00 02 10 22 93 00 00 02 00 00 02 25 F7 0C 00 00 00 E2 FF F3 68 
00 FF FF 00 02 10 22 93 00 00 02 00 00 02 25 F8 0C 00 00 01 B0 FF F2 6B 
00 FF FF 00 02 10 22 93 00 00 02 00 00 02 25 F9 0C 00 00 00 B4 FF F1 6A 
00 FF FF 00 02 10 22 93 00 00 02 00 00 02 25 FA 0C 00 00 00 CC FF F1 68 
00 FF FF 00 02 10 22 93 00 00 02 00 00 02 25 FB 0C 00 00 00 86 FF F1 68 
00 FF FF 00 02 10 22 93 00 00 02 00 00 02 25 FC 0C 00 00 04 28 FF F1 6B 
00 FF FF 00 02 10 22 93 00 00 02 00 00 02 25 FD 0C 00 00 02 66 FF F2 69 
00 FF FF 00 02 10 22 93 00 00 02 00 00 02 25 FE 0C 00 00 01 7E FF F0 6B 
00 FF FF 00 02 10 22 93 00 00 02 00 00 02 25 FF 0C 00 00 01 29 FF F4 6C 
00 FF FF 00 02 10 22 93 00 00 02 00 00 02 26 00 0C 00 00 05 94 FF F0 6A 
00 FF FF 00 02 10 22 93 00 00 02 00 00 02 26 01 0C 00 00 01 FD FF F2 6A 
00 FF FF 00 02 10 22 93 00 00 02 00 00 02 26 02 0C 00 00 01 BF FF F5 67 
00 FF FF 00 02 10 22 93 00 00 02 00 00 02 26 03 0C 00 00 01 9B FF F4 6A 
00 FF FF 00 02 10 22 93 00 00 02 00 00 02 26 04 0C 00 00 00 D9 FF F1 6B 
00 FF FF 00 02 10 22 93 00 00 02 00 00 02 26 05 0C 00 00 01 AB FF F1 6B 
00 FF FF 00 02 10 22 93 00 00 02 00 00 02 26 06 0C 00 00 01 5D FF F1 6C 
00 FF FF 00 02 10 22 93 00 00 02 00 00 02 26 07 0C 00 00 03 AC FF F1 69 
00 FF FF 00 02 10 22 93 00 00 02 00 00 02 26 08 0C 00 00 03 0F FF F5 6A 
00 FF FF 00 02 10 22 93 00 00 02 00 00 02 26 0A 0C 00 00 01 76 FF F3 6A 
00 FF FF 00 02 10 22 93 00 00 02 00 00 02 26 0B 0C 00 00 01 78 FF F4 6B 
00 FF FF 00 02 10 22 93 00 00 02 00 00 02 26 0C 0C 00 00 02 48 FF F2 6B 
00 FF FF 00 02 10 22 93 00 00 02 00 00 02 26 0D 0C 00 00 03 30 FF F2 6A 
00 FF FF 00 02 10 22 93 00 00 02 00 00 02 26 0E 0C 00 00 01 C1 FF F4 6B 
00 FF FF 00 02 10 22 93 00 00 02 00 00 02 26 0F 0C 00 00 04 49 FF F5 6A 
00 FF FF 00 02 10 22 93 00 00 02 00 00 02 26 10 0C 00 00 01 0E FF F4 66 
00 FF FF 00 02 10 22 93 00 00 02 00 00 02 26 11 0C 00 00 01 03 FF F6 6A 
00 FF FF 00 02 10 22 93 00 00 02 00 00 02 26 12 0C 00 00 00 9F FF F4 68 
00 FF FF 00 02 10 22 93 00 00 02 00 00 02 26 13 0C 00 00 00 BA FF F3 69 
00 FF FF 00 02 10 22 93 00 00 02 00 00 02 26 14 0C 00 00 00 EC FF F4 6C 
00 FF FF 00 02 10 22 93 00 00 02 00 00 02 26 16 0C 00 00 01 83 FF F3 69 
00 FF FF 00 02 10 22 93 00 00 02 00 00 02 26 17 0C 00 00 01 ED FF F4 6B 
00 FF FF 00 02 10 22 93 00 00 02 00 00 02 26 18 0C 00 00 01 8E FF F2 6A 
00 FF FF 00 02 10 22 93 00 00 02 00 00 02 26 19 0C 00 00 02 70 FF F5 66 
00 FF FF 00 02 10 22 93 00 00 02 00 00 02 26 1A 0C 00 00 01 72 FF F4 6A 
00 FF FF 00 02 10 22 93 00 00 02 00 00 02 26 1C 0C 00 00 02 6E FF F2 6A 
00 FF FF 00 02 10 22 93 00 00 02 00 00 02 26 1D 0C 00 00 06 69 FF F2 6B 
00 FF FF 00 02 10 22 93 00 00 02 00 00 02 26 1E 0C 00 00 05 AC FF F5 6B 
00 FF FF 00 02 10 22 93 00 00 02 00 00 02 26 1F 0C 00 00 04 D0 FF F5 6A 
00 FF FF 00 02 10 22 93 00 00 02 00 00 02 26 20 0C 00 00 02 49 FF F4 6B 
00 FF FF 00 02 10 22 93 00 00 02 00 00 02 26 21 0C 00 00 00 97 FF F2 6B 
00 FF FF 00 02 10 22 93 00 00 02 00 00 02 26 22 0C 00 00 01 B6 FF F2 6C 
00 FF FF 00 02 10 22 93 00 00 02 00 00 02 26 24 0C 00 00 02 66 FF F2 6A 
00 FF FF 00 02 10 22 93 00 00 02 00 00 02 26 25 0C 00 00 04 81 FF F3 69 
00 FF FF 00 02 10 22 93 00 00 02 00 00 02 26 26 0C 00 00 02 42 FF F5 6A 
00 FF FF 00 02 10 22 93 00 00 02 00 00 02 26 27 0C 00 00 04 53 FF F3 6B 
00 FF FF 00 02 10 22 93 00 00 02 00 00 02 26 28 0C 00 00 01 24 FF F2 69 
00 FF FF 00 02 10 22 93 00 00 02 00 00 02 26 29 0C 00 00 02 1F FF F4 6B 
00 FF FF 00 02 10 22 93 00 00 02 00 00 02 26 2A 0C 00 00 03 8A FF F1 6B 
00 FF FF 00 02 10 22 93 00 00 02 00 00 02 26 2B 0C 00 00 00 D2 FF F3 6A 
00 FF FF 00 02 10 22 93 00 00 02 00 00 02 26 2C 0C 00 00 00 93 FF F0 6A 
00 FF FF 00 02 10 22 93 00 00 02 00 00 02 26 2D 0C 00 00 00 92 FF F1 6B 
00 FF FF 00 02 10 22 93 00 00 02 00 00 02 26 2E 0C 00 00 01 8A FF F2 6B 
00 FF FF 00 02 10 22 93 00 00 02 00 00 02 26 2F 0C 00 00 01 95 FF F1 69 
00 FF FF 00 02 10 22 93 00 00 02 00 00 02 26 30 0C 00 00 01 A5 FF F5 68 
00 FF FF 00 02 10 22 93 00 00 02 00 00 02 26 31 0C 00 00 01 0A FF F4 6B 
00 FF FF 00 02 10 22 93 00 00 02 00 00 02 26 32 0C 00 00 01 15 FF F2 69 
00 FF FF 00 02 10 22 93 00 00 02 00 00 02 26 33 0C 00 00 02 CA FF F1 6B 
00 FF FF 00 02 10 22 93 00 00 02 00 00 02 26 34 0C 00 00 05 26 FF F3 6C 
00 FF FF 00 02 10 22 93 00 00 02 00 00 02 26 36 0C 00 00 00 89 FF F2 6C 
00 FF FF 00 02 10 22 93 00 00 02 00 00 02 26 37 0C 00 00 01 79 FF F3 6B 
00 FF FF 00 02 10 22 93 00 00 02 00 00 02 26 38 0C 00 00 01 0A FF F4 6B 
00 FF FF 00 02 10 22 93 00 00 02 00 00 02 26 39 0C 00 00 01 2E FF F4 67 
00 FF FF 00 02 10 22 93 00 00 02 00 00 02 26 3A 0C 00 00 00 CB FF F5 6B 
00 FF FF 00 02 10 22 93 00 00 02 00 00 02 26 3B 0C 00 00 01 49 FF F5 68 
00 FF FF 00 02 10 22 93 00 00 02 00 00 02 26 3C 0C 00 00 00 85 FF F1 6A 
00 FF FF 00 02 10 22 93 00 00 02 00 00 02 26 3D 0C 00 00 00 AA FF F1 6A 
00 FF FF 00 02 10 22 93 00 00 02 00 00 02 26 3E 0C 00 00 01 33 FF F2 6B 
00 FF FF 00 02 10 22 93 00 00 02 00 00 02 26 3F 0C 00 00 04 62 FF F1 6A 
00 FF FF 00 02 10 22 93 00 00 02 00 00 02 26 40 0C 00 00 04 DE FF F1 6B 
00 FF FF 00 02 10 22 93 00 00 02 00 00 02 26 41 0C 00 00 05 51 FF F5 69 
00 FF FF 00 02 10 22 93 00 00 02 00 00 02 26 42 0C 00 00 03 74 FF F2 69 
00 FF FF 00 02 10 22 93 00 00 02 00 00 02 26 43 0C 00 00 01 44 FF F2 6B 
00 FF FF 00 02 10 22 93 00 00 02 00 00 02 26 45 0C 00 00 00 7A FF F1 69 
00 FF FF 00 02 10 22 93 00 00 02 00 00 02 26 46 0C 00 00 01 D0 FF F0 6A 
00 FF FF 00 02 10 22 93 00 00 02 00 00 02 26 47 0C 00 00 06 1A FF F1 6B 
00 FF FF 00 02 10 22 93 00 00 02 00 00 02 26 48 0C 00 00 04 57 FF F2 68 
00 FF FF 00 02 10 22 93 00 00 02 00 00 02 26 49 0C 00 00 00 6D FF F2 6B 
00 FF FF 00 02 10 22 93 00 00 02 00 00 02 26 4A 0C 00 00 02 27 FF F5 6B 
00 FF FF 00 02 10 22 93 00 00 02 00 00 02 26 4C 0C 00 00 13 E3 FF F5 69 
00 FF FF 00 02 10 22 93 00 00 02 00 00 02 26 4D 0C 00 00 02 DC FF F5 6A 
00 FF FF 00 02 10 22 93 00 00 02 00 00 02 26 4E 0C 00 00 03 49 FF F1 67 
00 FF FF 00 02 10 22 93 00 00 02 00 00 02 26 4F 0C 00 00 04 67 FF F3 6B 
00 FF FF 00 02 10 22 93 00 00 02 00 00 02 26 50 0C 00 00 01 32 FF F1 68 
00 FF FF 00 02 10 22 93 00 00 02 00 00 02 26 51 0C 00 00 05 D1 FF F2 6B 
00 FF FF 00 02 10 22 93 00 00 02 00 00 02 26 52 0C 00 00 02 EC FF F2 68 
00 FF FF 00 02 10 22 93 00 00 02 00 00 02 26 53 0C 00 00 06 AE FF F5 6A 
00 FF FF 00 02 10 22 93 00 00 02 00 00 02 26 54 0C 00 00 05 2E FF F3 6B 
00 FF FF 00 02 10 22 93 00 00 02 00 00 02 26 55 0C 00 00 04 93 FF F1 6B 
00 FF FF 00 02 10 22 93 00 00 02 00 00 02 26 56 0C 00 00 07 B6 FF F5 6A 
00 FF FF 00 02 10 22 93 00 00 02 00 00 02 26 57 0C 00 00 01 B7 FF F5 68 
00 FF FF 00 02 10 22 93 00 00 02 00 00 02 26 58 0C 00 00 03 DD FF F1 69 
00 FF FF 00 02 10 22 93 00 00 02 00 00 02 26 59 0C 00 00 06 63 FF F2 6B 
00 FF FF 00 02 10 22 93 00 00 02 00 00 02 26 5A 0C 00 00 01 C8 FF F2 69 
00 FF FF 00 02 10 22 93 00 00 02 00 00 02 26 5B 0C 00 00 07 91 FF F3 6A 
00 FF FF 00 02 10 22 93 00 00 02 00 00 02 26 5C 0C 00 00 03 D0 FF F5 6B 
00 FF FF 00 02 10 22 93 00 00 02 00 00 02 26 5D 0C 00 00 05 9F FF F2 69 
00 FF FF 00 02 10 22 93 00 00 02 00 00 02 26 5E 0C 00 00 01 02 FF F2 68 
00 FF FF 00 02 10 22 93 00 00 02 00 00 02 26 5F 0C 00 00 04 56 FF F3 6A 
00 FF FF 00 02 10 22 93 00 00 02 00 00 02 26 60 0C 00 00 00 99 FF F2 6B 
00 FF FF 00 02 10 22 93 00 00 02 00 00 02 26 62 0C 00 00 00 C0 FF F2 68 
00 FF FF 00 02 10 22 93 00 00 02 00 00 02 26 63 0C 00 00 00 D1 FF F2 6B 
00 FF FF 00 02 10 22 93 00 00 02 00 00 02 26 64 0C 00 00 01 71 FF F4 6C 
00 FF FF 00 02 10 22 93 00 00 02 00 00 02 26 65 0C 00 00 02 CC FF F6 6A 
00 FF FF 00 02 10 22 93 00 00 02 00 00 02 26 67 0C 00 00 04 0E FF F5 6B 
00 FF FF 00 02 10 22 93 00 00 02 00 00 02 26 68 0C 00 00 01 3F FF F5 67 
00 FF FF 00 02 10 22 93 00 00 02 00 00 02 26 69 0C 00 00 00 C0 FF F5 6A 
00 FF FF 00 02 10 22 93 00 00 02 00 00 02 26 6A 0C 00 00 01 91 FF F3 6B 
00 FF FF 00 02 10 22 93 00 00 02 00 00 02 26 6B 0C 00 00 00 B0 FF F6 6B 
00 FF FF 00 02 10 22 93 00 00 02 00 00 02 26 6C 0C 00 00 00 DB FF F6 6B 
00 FF FF 00 02 10 22 93 00 00 02 00 00 02 26 6D 0C 00 00 02 65 FF F6 6C 
00 FF FF 00 02 10 22 93 00 00 02 00 00 02 26 6E 0C 00 00 01 8D FF F5 69 
00 FF FF 00 02 10 22 93 00 00 02 00 00 02 26 70 0C 00 00 00 D5 FF F6 69 
00 FF FF 00 02 10 22 93 00 00 02 00 00 02 26 71 0C 00 00 00 F1 FF F7 6B 
00 FF FF 00 02 10 22 93 00 00 02 00 00 02 26 72 0C 00 00 01 4C FF F5 6A 
00 FF FF 00 02 10 22 93 00 00 02 00 00 02 26 73 0C 00 00 00 B7 FF F5 6A 
00 FF FF 00 02 10 22 93 00 00 02 00 00 02 26 74 0C 00 00 02 4E FF F6 6A 
00 FF FF 00 02 10 22 93 00 00 02 00 00 02 26 75 0C 00 00 01 26 FF F6 6A 
00 FF FF 00 02 10 22 93 00 00 02 00 00 02 26 76 0C 00 00 00 C6 FF F6 6C 
00 FF FF 00 02 10 22 93 00 00 02 00 00 02 26 77 0C 00 00 00 FB FF F5 6B 
00 FF FF 00 02 10 22 93 00 00 02 00 00 02 26 78 0C 00 00 01 2E FF F5 6A 
00 FF FF 00 02 10 22 93 00 00 02 00 00 02 26 79 0C 00 00 00 E6 FF F5 68 
00 FF FF 00 02 10 22 93 00 00 02 00 00 02 26 7A 0C 00 00 01 1A FF F5 6A 
00 FF FF 00 02 10 22 93 00 00 02 00 00 02 26 7B 0C 00 00 02 F5 FF F5 6B 
00 FF FF 00 02 10 22 93 00 00 02 00 00 02 26 7C 0C 00 00 00 FF FF F5 6C 
00 FF FF 00 02 10 22 93 00 00 02 00 00 02 26 7E 0C 00 00 02 16 FF F5 69 
00 FF FF 00 02 10 22 93 00 00 02 00 00 02 26 7F 0C 00 00 02 90 FF F2 6B 
00 FF FF 00 02 10 22 93 00 00 02 00 00 02 26 81 0C 00 00 03 4A FF F3 69 
00 FF FF 00 02 10 22 93 00 00 02 00 00 02 26 82 0C 00 00 01 2B FF F2 6C 
00 FF FF 00 02 10 22 93 00 00 02 00 00 02 26 83 0C 00 00 01 21 FF F5 67 
00 FF FF 00 02 10 22 93 00 00 02 00 00 02 26 84 0C 00 00 02 46 FF F2 6B 
00 FF FF 00 02 10 22 93 00 00 02 00 00 02 26 85 0C 00 00 00 70 FF F3 6A 
00 FF FF 00 02 10 22 93 00 00 02 00 00 02 26 87 0C 00 00 01 78 FF F2 6B 
00 FF FF 00 02 10 22 93 00 00 02 00 00 02 26 88 0C 00 00 01 A6 FF F3 68 
00 FF FF 00 02 10 22 93 00 00 02 00 00 02 26 89 0C 00 00 04 A3 FF F2 68 
00 FF FF 00 02 10 22 93 00 00 02 00 00 02 26 8A 0C 00 00 00 F1 FF F4 68 
00 FF FF 00 02 10 22 93 00 00 02 00 00 02 26 8B 0C 00 00 00 A3 FF F3 69 
00 FF FF 00 02 10 22 93 00 00 02 00 00 02 26 8D 0C 00 00 03 27 FF F5 6C 
00 FF FF 00 02 10 22 93 00 00 02 00 00 02 26 8F 0C 00 00 00 92 FF F5 69 
00 FF FF 00 02 10 22 93 00 00 02 00 00 02 26 90 0C 00 00 00 E4 FF F5 6A 
00 FF FF 00 02 10 22 93 00 00 02 00 00 02 26 91 0C 00 00 01 1F FF F5 6A 
00 FF FF 00 02 10 22 93 00 00 02 00 00 02 26 92 0C 00 00 00 88 FF F4 6A 
00 FF FF 00 02 10 22 93 00 00 02 00 00 02 26 93 0C 00 00 00 D2 FF F3 6A 
00 FF FF 00 02 10 22 93 00 00 02 00 00 02 26 94 0C 00 00 00 CA FF F3 6B 
00 FF FF 00 02 10 22 93 00 00 02 00 00 02 26 96 0C 00 00 01 C0 FF F5 6B 
00 FF FF 00 02 10 22 93 00 00 02 00 00 02 26 97 0C 00 00 01 42 FF F5 68 
00 FF FF 00 02 10 22 93 00 00 02 00 00 02 26 98 0C 00 00 03 F4 FF F1 69 
00 FF FF 00 02 10 22 93 00 00 02 00 00 02 26 99 0C 00 00 03 03 FF F5 69 
00 FF FF 00 02 10 22 93 00 00 02 00 00 02 26 9B 0C 00 00 03 8F FF F6 6B 
00 FF FF 00 02 10 22 93 00 00 02 00 00 02 26 9C 0C 00 00 03 9D FF F5 6B 
00 FF FF 00 02 10 22 93 00 00 02 00 00 02 26 9E 0C 00 00 03 52 FF F5 6A 
00 FF FF 00 02 10 22 93 00 00 02 00 00 02 26 9F 0C 00 00 01 16 FF F6 6B 
00 FF FF 00 02 10 22 93 00 00 02 00 00 02 26 A0 0C 00 00 02 94 FF F5 6A 
00 FF FF 00 02 10 22 93 00 00 02 00 00 02 26 A1 0C 00 00 02 49 FF F5 69 
00 FF FF 00 02 10 22 93 00 00 02 00 00 02 26 A3 0C 00 00 00 AA FF F5 6B 
00 FF FF 00 02 10 22 93 00 00 02 00 00 02 26 A4 0C 00 00 03 F8 FF F3 69 
00 FF FF 00 02 10 22 93 00 00 02 00 00 02 26 A5 0C 00 00 02 88 FF F5 69 
00 FF FF 00 02 10 22 93 00 00 02 00 00 02 26 A6 0C 00 00 00 FD FF F7 6A 
00 FF FF 00 02 10 22 93 00 00 02 00 00 02 26 A7 0C 00 00 01 25 FF F5 64 
00 FF FF 00 02 10 22 93 00 00 02 00 00 02 26 A8 0C 00 00 02 25 FF F5 6B 
00 FF FF 00 02 10 22 93 00 00 02 00 00 02 26 A9 0C 00 00 01 4D FF F5 6B 
00 FF FF 00 02 10 22 93 00 00 02 00 00 02 26 AA 0C 00 00 01 9E FF F6 6B 
00 FF FF 00 02 10 22 93 00 00 02 00 00 02 26 AB 0C 00 00 01 A0 FF F5 6C 
00 FF FF 00 02 10 22 93 00 00 02 00 00 02 26 AD 0C 00 00 01 04 FF F3 6C 
00 FF FF 00 02 10 22 93 00 00 02 00 00 02 26 AE 0C 00 00 01 65 FF F5 6B 
00 FF FF 00 02 10 22 93 00 00 02 00 00 02 26 AF 0C 00 00 01 B0 FF F5 6A 
00 FF FF 00 02 10 22 93 00 00 02 00 00 02 26 B0 0C 00 00 00 A2 FF F3 69 
00 FF FF 00 02 10 22 93 00 00 02 00 00 02 26 B1 0C 00 00 01 40 FF F5 69 
00 FF FF 00 02 10 22 93 00 00 02 00 00 02 26 B2 0C 00 00 02 1B FF F5 6C 
00 FF FF 00 02 10 22 93 00 00 02 00 00 02 26 B4 0C 00 00 02 4D FF F3 6B 
00 FF FF 00 02 10 22 93 00 00 02 00 00 02 26 B5 0C 00 00 01 5C FF F3 67 
00 FF FF 00 02 10 22 93 00 00 02 00 00 02 26 B6 0C 00 00 00 E7 FF F4 69 
00 FF FF 00 02 10 22 93 00 00 02 00 00 02 26 B8 0C 00 00 01 A5 FF F3 68 
00 FF FF 00 02 10 22 93 00 00 02 00 00 02 26 B9 0C 00 00 01 66 FF F5 69 
00 FF FF 00 02 10 22 93 00 00 02 00 00 02 26 BA 0C 00 00 01 4E FF F4 6A 
00 FF FF 00 02 10 22 93 00 00 02 00 00 02 26 BB 0C 00 00 00 77 FF F5 6A 
00 FF FF 00 02 10 22 93 00 00 02 00 00 02 26 BC 0C 00 00 00 F7 FF F3 6C 
00 FF FF 00 02 10 22 93 00 00 02 00 00 02 26 BD 0C 00 00 01 1B FF F5 69 
00 FF FF 00 02 10 22 93 00 00 02 00 00 02 26 BE 0C 00 00 00 FF FF F5 67 
00 FF FF 00 02 10 22 93 00 00 02 00 00 02 26 BF 0C 00 00 00 68 FF F5 67 
00 FF FF 00 02 10 22 93 00 00 02 00 00 02 26 C0 0C 00 00 02 D4 FF F5 69 
00 FF FF 00 02 10 22 93 00 00 02 00 00 02 26 C1 0C 00 00 00 C4 FF F4 69 
00 FF FF 00 02 10 22 93 00 00 02 00 00 02 26 C2 0C 00 00 00 93 FF F5 69 
00 FF FF 00 02 10 22 93 00 00 02 00 00 02 26 C3 0C 00 00 00 C0 FF F2 6C 
00 FF FF 00 02 10 22 93 00 00 02 00 00 02 26 C4 0C 00 00 01 6A FF F3 6A 
00 FF FF 00 02 10 22 93 00 00 02 00 00 02 26 C5 0C 00 00 00 BF FF F4 69 
00 FF FF 00 02 10 22 93 00 00 02 00 00 02 26 C9 0C 00 00 04 31 FF F2 6A 
00 FF FF 00 02 10 22 93 00 00 02 00 00 02 26 CA 0C 00 00 01 84 FF F3 67 
00 FF FF 00 02 10 22 93 00 00 02 00 00 02 26 CB 0C 00 00 01 21 FF F5 6A 
00 FF FF 00 02 10 22 93 00 00 02 00 00 02 26 CC 0C 00 00 00 F9 FF F4 6A 
00 FF FF 00 02 10 22 93 00 00 02 00 00 02 26 CD 0C 00 00 00 AC FF F3 6B 
00 FF FF 00 02 10 22 93 00 00 02 00 00 02 26 CE 0C 00 00 01 6A FF F5 6B 
00 FF FF 00 02 10 22 93 00 00 02 00 00 02 26 CF 0C 00 00 06 A5 FF F5 67 
00 FF FF 00 02 10 22 93 00 00 02 00 00 02 26 D0 0C 00 00 06 81 FF F5 6A 
00 FF FF 00 02 10 22 93 00 00 02 00 00 02 26 D1 0C 00 00 03 85 FF F3 6B 
00 FF FF 00 02 10 22 93 00 00 02 00 00 02 26 D2 0C 00 00 02 2C FF F4 55 
00 FF FF 00 02 10 22 93 00 00 02 00 00 02 26 D3 0C 00 00 02 ED FF F4 6B 
00 FF FF 00 02 10 22 93 00 00 02 00 00 02 26 D4 0C 00 00 03 E8 FF F5 6C 
00 FF FF 00 02 10 22 93 00 00 02 00 00 02 26 D5 0C 00 00 07 70 FF F3 6B 
00 FF FF 00 02 10 22 93 00 00 02 00 00 02 26 D6 0C 00 00 04 D9 FF F3 6B 
00 FF FF 00 02 10 22 93 00 00 02 00 00 02 26 D7 0C 00 00 02 6E FF F3 67 
00 FF FF 00 02 10 22 93 00 00 02 00 00 02 26 D8 0C 00 00 02 0B FF F3 6A 
00 FF FF 00 02 10 22 93 00 00 02 00 00 02 26 D9 0C 00 00 02 4E FF F5 6A 
00 FF FF 00 02 10 22 93 00 00 02 00 00 02 26 DA 0C 00 00 02 DD FF F3 6B 
00 FF FF 00 02 10 22 93 00 00 02 00 00 02 26 DB 0C 00 00 03 A8 FF F3 69 
00 FF FF 00 02 10 22 93 00 00 02 00 00 02 26 DC 0C 00 00 02 6A FF F3 6B 
00 FF FF 00 02 10 22 93 00 00 02 00 00 02 26 DD 0C 00 00 03 41 FF F4 6B 
00 FF FF 00 02 10 22 93 00 00 02 00 00 02 26 DE 0C 00 00 03 93 FF F5 6B 
00 FF FF 00 02 10 22 93 00 00 02 00 00 02 26 DF 0C 00 00 03 F3 FF F3 6A 
00 FF FF 00 02 10 22 93 00 00 02 00 00 02 26 E0 0C 00 00 03 4E FF F5 69 
00 FF FF 00 02 10 22 93 00 00 02 00 00 02 26 E1 0C 00 00 04 23 FF F6 68 
00 FF FF 00 02 10 22 93 00 00 02 00 00 02 26 E2 0C 00 00 00 DD FF F3 67 
00 FF FF 00 02 10 22 93 00 00 02 00 00 02 26 E3 0C 00 00 00 79 FF F3 6B 
00 FF FF 00 02 10 22 93 00 00 02 00 00 02 26 E4 0C 00 00 03 0D FF F5 6A 
00 FF FF 00 02 10 22 93 00 00 02 00 00 02 26 E5 0C 00 00 02 5A FF F5 6A 
00 FF FF 00 02 10 22 93 00 00 02 00 00 02 26 E6 0C 00 00 05 C0 FF F5 6B 
00 FF FF 00 02 10 22 93 00 00 02 00 00 02 26 E7 0C 00 00 02 FB FF F3 6B 
00 FF FF 00 02 10 22 93 00 00 02 00 00 02 26 E8 0C 00 00 01 8B FF F5 6B 
00 FF FF 00 02 10 22 93 00 00 02 00 00 02 26 E9 0C 00 00 01 0F FF F5 6B 
00 FF FF 00 02 10 22 93 00 00 02 00 00 02 26 EA 0C 00 00 01 94 FF F5 65 
00 FF FF 00 02 10 22 93 00 00 02 00 00 02 26 EB 0C 00 00 04 26 FF F5 6B 
00 FF FF 00 02 10 22 93 00 00 02 00 00 02 26 EC 0C 00 00 01 32 FF F5 69 
00 FF FF 00 02 10 22 93 00 00 02 00 00 02 26 ED 0C 00 00 00 C6 FF F5 6C 
00 FF FF 00 02 10 22 93 00 00 02 00 00 02 26 EE 0C 00 00 01 E9 FF F5 6B 
00 FF FF 00 02 10 22 93 00 00 02 00 00 02 26 EF 0C 00 00 00 E6 FF F5 67 
00 FF FF 00 02 10 22 93 00 00 02 00 00 02 26 F0 0C 00 00 00 EF FF F6 62 
00 FF FF 00 02 10 22 93 00 00 02 00 00 02 26 F1 0C 00 00 02 C9 FF F3 6A 
00 FF FF 00 02 10 22 93 00 00 02 00 00 02 26 F2 0C 00 00 01 BF FF F5 6C 
00 FF FF 00 02 10 22 93 00 00 02 00 00 02 26 F3 0C 00 00 01 2B FF F5 6B 
00 FF FF 00 02 10 22 93 00 00 02 00 00 02 26 F4 0C 00 00 06 2E FF F5 6A 
00 FF FF 00 02 10 22 93 00 00 02 00 00 02 26 F5 0C 00 00 00 A6 FF F6 69 
00 FF FF 00 02 10 22 93 00 00 02 00 00 02 26 F6 0C 00 00 01 2D FF F4 6A 
00 FF FF 00 02 10 22 93 00 00 02 00 00 02 26 F7 0C 00 00 03 E9 FF F3 68 
00 FF FF 00 02 10 22 93 00 00 02 00 00 02 26 F8 0C 00 00 02 3D FF F2 6A 
00 FF FF 00 02 10 22 93 00 00 02 00 00 02 26 F9 0C 00 00 01 A8 FF F2 6A 
00 FF FF 00 02 10 22 93 00 00 02 00 00 02 26 FA 0C 00 00 08 FF FF F1 6A 
00 FF FF 00 02 10 22 93 00 00 02 00 00 02 26 FC 0C 00 00 00 D8 FF F1 6B 
00 FF FF 00 02 10 22 93 00 00 02 00 00 02 26 FD 0C 00 00 01 0D FF F1 6A 
00 FF FF 00 02 10 22 93 00 00 02 00 00 02 26 FE 0C 00 00 00 E1 FF F2 6A 
00 FF FF 00 02 10 22 93 00 00 02 00 00 02 26 FF 0C 00 00 03 17 FF F3 6B 
00 FF FF 00 02 10 22 93 00 00 02 00 00 02 27 00 0C 00 00 01 15 FF F3 6B 
00 FF FF 00 02 10 22 93 00 00 02 00 00 02 27 01 0C 00 00 00 87 FF F1 68 
00 FF FF 00 02 10 22 93 00 00 02 00 00 02 27 02 0C 00 00 01 D3 FF F2 69 
00 FF FF 00 02 10 22 93 00 00 02 00 00 02 27 03 0C 00 00 05 A8 FF F3 6B 
00 FF FF 00 02 10 22 93 00 00 02 00 00 02 27 04 0C 00 00 03 A8 FF F1 6A 
00 FF FF 00 02 10 22 93 00 00 02 00 00 02 27 05 0C 00 00 02 18 FF F3 6B 
00 FF FF 00 02 10 22 93 00 00 02 00 00 02 27 06 0C 00 00 01 74 FF F2 69 
00 FF FF 00 02 10 22 93 00 00 02 00 00 02 27 07 0C 00 00 04 C8 FF F3 6A 
00 FF FF 00 02 10 22 93 00 00 02 00 00 02 27 08 0C 00 00 02 05 FF F3 6A 
00 FF FF 00 02 10 22 93 00 00 02 00 00 02 27 09 0C 00 00 01 6A FF F2 6B 
00 FF FF 00 02 10 22 93 00 00 02 00 00 02 27 0A 0C 00 00 01 89 FF F3 68 
00 FF FF 00 02 10 22 93 00 00 02 00 00 02 27 0B 0C 00 00 03 DB FF F5 6B 
00 FF FF 00 02 10 22 93 00 00 02 00 00 02 27 0C 0C 00 00 02 51 FF F5 6A 
00 FF FF 00 02 10 22 93 00 00 02 00 00 02 27 0D 0C 00 00 0A D4 FF F5 6B 
00 FF FF 00 02 10 22 93 00 00 02 00 00 02 27 0E 0C 00 00 05 6B FF F3 6B 
00 FF FF 00 02 10 22 93 00 00 02 00 00 02 27 0F 0C 00 00 01 23 FF F2 68 
00 FF FF 00 02 10 22 93 00 00 02 00 00 02 27 10 0C 00 00 01 BC FF F4 6B 
00 FF FF 00 02 10 22 93 00 00 02 00 00 02 27 11 0C 00 00 03 39 FF F3 6A 
00 FF FF 00 02 10 22 93 00 00 02 00 00 02 27 12 0C 00 00 02 34 FF F1 6A 
00 FF FF 00 02 10 22 93 00 00 02 00 00 02 27 13 0C 00 00 02 06 FF F3 69 
00 FF FF 00 02 10 22 93 00 00 02 00 00 02 27 14 0C 00 00 02 23 FF F2 6A 
00 FF FF 00 02 10 22 93 00 00 02 00 00 02 27 15 0C 00 00 03 AA FF F2 68 
00 FF FF 00 02 10 22 93 00 00 02 00 00 02 27 16 0C 00 00 02 44 FF F2 68 
00 FF FF 00 02 10 22 93 00 00 02 00 00 02 27 17 0C 00 00 00 72 FF F2 67 
00 FF FF 00 02 10 22 93 00 00 02 00 00 02 27 18 0C 00 00 03 4F FF F1 6A 
00 FF FF 00 02 10 22 93 00 00 02 00 00 02 27 19 0C 00 00 01 F5 FF F2 6A 
00 FF FF 00 02 10 22 93 00 00 02 00 00 02 27 1A 0C 00 00 00 C7 FF F2 6B 
00 FF FF 00 02 10 22 93 00 00 02 00 00 02 27 1B 0C 00 00 01 6D FF F2 6A 
00 FF FF 00 02 10 22 93 00 00 02 00 00 02 27 1C 0C 00 00 01 68 FF F1 6A 
00 FF FF 00 02 10 22 93 00 00 02 00 00 02 27 1D 0C 00 00 09 26 FF F4 67 
00 FF FF 00 02 10 22 93 00 00 02 00 00 02 27 1E 0C 00 00 01 77 FF F1 6A 
00 FF FF 00 02 10 22 93 00 00 02 00 00 02 27 1F 0C 00 00 04 AC FF F1 67 
00 FF FF 00 02 10 22 93 00 00 02 00 00 02 27 20 0C 00 00 02 7E FF F1 69 
00 FF FF 00 02 10 22 93 00 00 02 00 00 02 27 21 0C 00 00 04 0B FF F2 68 
00 FF FF 00 02 10 22 93 00 00 02 00 00 02 27 22 0C 00 00 01 D7 FF F1 69 
00 FF FF 00 02 10 22 93 00 00 02 00 00 02 27 23 0C 00 00 05 4B FF F1 69 
00 FF FF 00 02 10 22 93 00 00 02 00 00 02 27 24 0C 00 00 02 4A FF F1 6A 
00 FF FF 00 02 10 22 93 00 00 02 00 00 02 27 25 0C 00 00 04 54 FF F2 6B 
00 FF FF 00 02 10 22 93 00 00 02 00 00 02 27 26 0C 00 00 06 A6 FF F3 6C 
00 FF FF 00 02 10 22 93 00 00 02 00 00 02 27 27 0C 00 00 04 22 FF F1 6B 
00 FF FF 00 02 10 22 93 00 00 02 00 00 02 27 28 0C 00 00 01 89 FF F1 6A 
00 FF FF 00 02 10 22 93 00 00 02 00 00 02 27 29 0C 00 00 03 49 FF F4 69 
00 FF FF 00 02 10 22 93 00 00 02 00 00 02 27 2A 0C 00 00 0A 9D FF F4 66 
00 FF FF 00 02 10 22 93 00 00 02 00 00 02 27 2B 0C 00 00 01 C8 FF F2 6A 
00 FF FF 00 02 10 22 93 00 00 02 00 00 02 27 2C 0C 00 00 01 9E FF F1 66 
00 FF FF 00 02 10 22 93 00 00 02 00 00 02 27 2D 0C 00 00 05 28 FF F1 6A 
00 FF FF 00 02 10 22 93 00 00 02 00 00 02 27 2E 0C 00 00 02 E1 FF F1 68 
00 FF FF 00 02 10 22 93 00 00 02 00 00 02 27 2F 0C 00 00 02 A9 FF F2 6C 
00 FF FF 00 02 10 22 93 00 00 02 00 00 02 27 30 0C 00 00 05 08 FF F2 6B 
00 FF FF 00 02 10 22 93 00 00 02 00 00 02 27 31 0C 00 00 02 3C FF F1 69 
00 FF FF 00 02 10 22 93 00 00 02 00 00 02 27 32 0C 00 00 02 E2 FF F1 69 
00 FF FF 00 02 10 22 93 00 00 02 00 00 02 27 33 0C 00 00 04 B2 FF F1 6B 
00 FF FF 00 02 10 22 93 00 00 02 00 00 02 27 34 0C 00 00 01 04 FF F1 6A 
00 FF FF 00 02 10 22 93 00 00 02 00 00 02 27 35 0C 00 00 01 52 FF F4 6A 
00 FF FF 00 02 10 22 93 00 00 02 00 00 02 27 37 0C 00 00 01 24 FF F4 64 
00 FF FF 00 02 10 22 93 00 00 02 00 00 02 27 38 0C 00 00 00 B6 FF F1 69 
00 FF FF 00 02 10 22 93 00 00 02 00 00 02 27 39 0C 00 00 01 45 FF F1 6C 
00 FF FF 00 02 10 22 93 00 00 02 00 00 02 27 3A 0C 00 00 01 22 FF F4 68 
00 FF FF 00 02 10 22 93 00 00 02 00 00 02 27 3B 0C 00 00 02 0C FF F2 6B 
00 FF FF 00 02 10 22 93 00 00 02 00 00 02 27 3C 0C 00 00 00 C3 FF F4 53 
00 FF FF 00 02 10 22 93 00 00 02 00 00 02 27 3D 0C 00 00 02 42 FF F5 66 
00 FF FF 00 02 10 22 93 00 00 02 00 00 02 27 3E 0C 00 00 01 32 FF F5 5C 
00 FF FF 00 02 10 22 93 00 00 02 00 00 02 27 3F 0C 00 00 01 30 FF F2 6B 
00 FF FF 00 02 10 22 93 00 00 02 00 00 02 27 40 0C 00 00 00 9E FF F1 58 
00 FF FF 00 02 10 22 93 00 00 02 00 00 02 27 41 0C 00 00 01 A9 FF F2 6A 
00 FF FF 00 02 10 22 93 00 00 02 00 00 02 27 42 0C 00 00 02 B1 FF F2 6B 
00 FF FF 00 02 10 22 93 00 00 02 00 00 02 27 43 0C 00 00 01 9D FF F1 6C 
00 FF FF 00 02 10 22 93 00 00 02 00 00 02 27 44 0C 00 00 03 E0 FF F2 69 
00 FF FF 00 02 10 22 93 00 00 02 00 00 02 27 45 0C 00 00 01 EF FF F2 6B 
00 FF FF 00 02 10 22 93 00 00 02 00 00 02 27 46 0C 00 00 04 99 FF F2 64 
00 FF FF 00 02 10 22 93 00 00 02 00 00 02 27 47 0C 00 00 00 9B FF F1 6C 
00 FF FF 00 02 10 22 93 00 00 02 00 00 02 27 49 0C 00 00 01 2D FF F2 6B 
00 FF FF 00 02 10 22 93 00 00 02 00 00 02 27 4A 0C 00 00 00 D5 FF F2 6B 
00 FF FF 00 02 10 22 93 00 00 02 00 00 02 27 4B 0C 00 00 02 19 FF F1 68 
00 FF FF 00 02 10 22 93 00 00 02 00 00 02 27 4C 0C 00 00 00 CB FF F2 63 
00 FF FF 00 02 10 22 93 00 00 02 00 00 02 27 4D 0C 00 00 00 ED FF F4 66 
00 FF FF 00 02 10 22 93 00 00 02 00 00 02 27 4E 0C 00 00 00 73 FF F2 6A 
00 FF FF 00 02 10 22 93 00 00 02 00 00 02 27 4F 0C 00 00 01 49 FF F5 6A 
00 FF FF 00 02 10 22 93 00 00 02 00 00 02 27 51 0C 00 00 00 8D FF F2 6B 
00 FF FF 00 02 10 22 93 00 00 02 00 00 02 27 52 0C 00 00 09 24 FF F1 69 
00 FF FF 00 02 10 22 93 00 00 02 00 00 02 27 53 0C 00 00 00 FE FF F4 64 
00 FF FF 00 02 10 22 93 00 00 02 00 00 02 27 54 0C 00 00 02 44 FF F1 66 
00 FF FF 00 02 10 22 93 00 00 02 00 00 02 27 55 0C 00 00 03 05 FF F1 6A 
00 FF FF 00 02 10 22 93 00 00 02 00 00 02 27 56 0C 00 00 03 F5 FF F2 69 
00 FF FF 00 02 10 22 93 00 00 02 00 00 02 27 58 0C 00 00 02 4C FF F1 6B 
00 FF FF 00 02 10 22 93 00 00 02 00 00 02 27 59 0C 00 00 02 FC FF F2 6A 
00 FF FF 00 02 10 22 93 00 00 02 00 00 02 27 5A 0C 00 00 06 0A FF F2 69 
00 FF FF 00 02 10 22 93 00 00 02 00 00 02 27 5B 0C 00 00 05 54 FF F1 6C 
00 FF FF 00 02 10 22 93 00 00 02 00 00 02 27 5C 0C 00 00 01 A9 FF F4 67 
00 FF FF 00 02 10 22 93 00 00 02 00 00 02 27 5D 0C 00 00 08 DC FF F1 64 
00 FF FF 00 02 10 22 93 00 00 02 00 00 02 27 5E 0C 00 00 07 FE FF F1 6A 
00 FF FF 00 02 10 22 93 00 00 02 00 00 02 27 5F 0C 00 00 07 2D FF F1 6B 
00 FF FF 00 02 10 22 93 00 00 02 00 00 02 27 61 0C 00 00 03 CB FF F1 6B 
00 FF FF 00 02 10 22 93 00 00 02 00 00 02 27 62 0C 00 00 05 DF FF F1 6C 
00 FF FF 00 02 10 22 93 00 00 02 00 00 02 27 63 0C 00 00 04 7C FF F1 6A 
00 FF FF 00 02 10 22 93 00 00 02 00 00 02 27 64 0C 00 00 05 51 FF F1 6C 
00 FF FF 00 02 10 22 93 00 00 02 00 00 02 27 66 0C 00 00 03 16 FF F1 6C 
00 FF FF 00 02 10 22 93 00 00 02 00 00 02 27 67 0C 00 00 04 75 FF F1 6C 
00 FF FF 00 02 10 22 93 00 00 02 00 00 02 27 68 0C 00 00 04 E8 FF F0 6C 
00 FF FF 00 02 10 22 93 00 00 02 00 00 02 27 69 0C 00 00 0B 67 FF F1 6B 
00 FF FF 00 02 10 22 93 00 00 02 00 00 02 27 6A 0C 00 00 03 EF FF F2 69 
00 FF FF 00 02 10 22 93 00 00 02 00 00 02 27 6B 0C 00 00 03 AC FF F1 6B 
00 FF FF 00 02 10 22 93 00 00 02 00 00 02 27 6C 0C 00 00 04 A7 FF F1 6B 
00 FF FF 00 02 10 22 93 00 00 02 00 00 02 27 6D 0C 00 00 04 A7 FF F2 6C 
00 FF FF 00 02 10 22 93 00 00 02 00 00 02 27 70 0C 00 00 03 CA FF EF 5A 
00 FF FF 00 02 10 22 93 00 00 02 00 00 02 27 72 0C 00 00 00 AC FF F1 6A 
00 FF FF 00 02 10 22 93 00 00 02 00 00 02 27 73 0C 00 00 05 58 FF F1 69 
00 FF FF 00 02 10 22 93 00 00 02 00 00 02 27 74 0C 00 00 05 A1 FF EF 6B 
00 FF FF 00 02 10 22 93 00 00 02 00 00 02 27 75 0C 00 00 12 0A FF F1 6A 
00 FF FF 00 02 10 22 93 00 00 02 00 00 02 27 77 0C 00 00 05 C7 FF F1 6B 
00 FF FF 00 02 10 22 93 00 00 02 00 00 02 27 79 0C 00 00 03 71 FF F1 6C 
00 FF FF 00 02 10 22 93 00 00 02 00 00 02 27 7A 0C 00 00 09 0B FF F3 6A 
00 FF FF 00 02 10 22 93 00 00 02 00 00 02 27 7B 0C 00 00 02 C7 FF F1 6A 
00 FF FF 00 02 10 22 93 00 00 02 00 00 02 27 7C 0C 00 00 03 33 FF F0 6B 
00 FF FF 00 02 10 22 93 00 00 02 00 00 02 27 7D 0C 00 00 02 EA FF F1 6A 
00 FF FF 00 02 10 22 93 00 00 02 00 00 02 27 7E 0C 00 00 00 FE FF F1 6A 
00 FF FF 00 02 10 22 93 00 00 02 00 00 02 27 7F 0C 00 00 00 D0 FF F1 6A 
00 FF FF 00 02 10 22 93 00 00 02 00 00 02 27 80 0C 00 00 01 27 FF F1 68 
00 FF FF 00 02 10 22 93 00 00 02 00 00 02 27 81 0C 00 00 02 0C FF F1 6A 
00 FF FF 00 02 10 22 93 00 00 02 00 00 02 27 82 0C 00 00 00 D1 FF F0 68 
00 FF FF 00 02 10 22 93 00 00 02 00 00 02 27 83 0C 00 00 00 C8 FF F1 6C 
00 FF FF 00 02 10 22 93 00 00 02 00 00 02 27 84 0C 00 00 01 1B FF F0 69 
00 FF FF 00 02 10 22 93 00 00 02 00 00 02 27 85 0C 00 00 00 84 FF F0 6A 
00 FF FF 00 02 10 22 93 00 00 02 00 00 02 27 86 0C 00 00 02 26 FF F1 6B 
00 FF FF 00 02 10 22 93 00 00 02 00 00 02 27 87 0C 00 00 03 3B FF F1 6C 
00 FF FF 00 02 10 22 93 00 00 02 00 00 02 27 88 0C 00 00 01 85 FF F1 6B 
00 FF FF 00 02 10 22 93 00 00 02 00 00 02 27 89 0C 00 00 00 FC FF F1 6A 
00 FF FF 00 02 10 22 93 00 00 02 00 00 02 27 8A 0C 00 00 01 22 FF F1 68 
00 FF FF 00 02 10 22 93 00 00 02 00 00 02 27 8B 0C 00 00 00 92 FF F1 6B 
00 FF FF 00 02 10 22 93 00 00 02 00 00 02 27 8E 0C 00 00 04 82 FF F1 6A 
00 FF FF 00 02 10 22 93 00 00 02 00 00 02 27 8F 0C 00 00 05 DA FF F1 6B 
00 FF FF 00 02 10 22 93 00 00 02 00 00 02 27 90 0C 00 00 03 07 FF F0 6B 
00 FF FF 00 02 10 22 93 00 00 02 00 00 02 27 91 0C 00 00 06 28 FF F0 6C 
00 FF FF 00 02 10 22 93 00 00 02 00 00 02 27 92 0C 00 00 02 4C FF F0 6B 
00 FF FF 00 02 10 22 93 00 00 02 00 00 02 27 93 0C 00 00 03 51 FF F0 69 
00 FF FF 00 02 10 22 93 00 00 02 00 00 02 27 94 0C 00 00 03 CC FF F0 6C 
00 FF FF 00 02 10 22 93 00 00 02 00 00 02 27 95 0C 00 00 00 CE FF F0 6C 
00 FF FF 00 02 10 22 93 00 00 02 00 00 02 27 97 0C 00 00 03 92 FF EF 6B 
00 FF FF 00 02 10 22 93 00 00 02 00 00 02 27 98 0C 00 00 09 32 FF F0 6B 
00 FF FF 00 02 10 22 93 00 00 02 00 00 02 27 99 0C 00 00 01 2B FF F3 6A 
00 FF FF 00 02 10 22 93 00 00 02 00 00 02 27 9A 0C 00 00 02 0E FF F1 69 
00 FF FF 00 02 10 22 93 00 00 02 00 00 02 27 9B 0C 00 00 01 BE FF F0 6B 
00 FF FF 00 02 10 22 93 00 00 02 00 00 02 27 9C 0C 00 00 01 A6 FF F0 67 
00 FF FF 00 02 10 22 93 00 00 02 00 00 02 27 9D 0C 00 00 01 22 FF F1 6A 
00 FF FF 00 02 10 22 93 00 00 02 00 00 02 27 9E 0C 00 00 01 56 FF F0 6B 
00 FF FF 00 02 10 22 93 00 00 02 00 00 02 27 9F 0C 00 00 02 0A FF F1 6B 
00 FF FF 00 02 10 22 93 00 00 02 00 00 02 27 A0 0C 00 00 01 F5 FF F0 67 
00 FF FF 00 02 10 22 93 00 00 02 00 00 02 27 A1 0C 00 00 01 51 FF EF 6A 
00 FF FF 00 02 10 22 93 00 00 02 00 00 02 27 A2 0C 00 00 08 8A FF F1 69 
00 FF FF 00 02 10 22 93 00 00 02 00 00 02 27 A3 0C 00 00 02 36 FF F1 6B 
00 FF FF 00 02 10 22 93 00 00 02 00 00 02 27 A4 0C 00 00 02 BA FF F0 67 
00 FF FF 00 02 10 22 93 00 00 02 00 00 02 27 A5 0C 00 00 10 07 FF F1 6C 
00 FF FF 00 02 10 22 93 00 00 02 00 00 02 27 A6 0C 00 00 04 40 FF F0 6A 
00 FF FF 00 02 10 22 93 00 00 02 00 00 02 27 A7 0C 00 00 02 5A FF F1 68 
00 FF FF 00 02 10 22 93 00 00 02 00 00 02 27 A8 0C 00 00 00 93 FF EF 6B 
00 FF FF 00 02 10 22 93 00 00 02 00 00 02 27 A9 0C 00 00 02 0B FF F1 6A 
00 FF FF 00 02 10 22 93 00 00 02 00 00 02 27 AA 0C 00 00 01 4E FF F1 69 
00 FF FF 00 02 10 22 93 00 00 02 00 00 02 27 AB 0C 00 00 05 58 FF EF 69 
00 FF FF 00 02 10 22 93 00 00 02 00 00 02 27 AC 0C 00 00 04 74 FF F1 6A 
00 FF FF 00 02 10 22 93 00 00 02 00 00 02 27 AD 0C 00 00 09 29 FF F2 6A 
00 FF FF 00 02 10 22 93 00 00 02 00 00 02 27 AE 0C 00 00 07 58 FF F2 6C 
00 FF FF 00 02 10 22 93 00 00 02 00 00 02 27 AF 0C 00 00 07 21 FF F6 6C 
00 FF FF 00 02 10 22 93 00 00 02 00 00 02 27 B0 0C 00 00 04 F3 FF F5 6A 
00 FF FF 00 02 10 22 93 00 00 02 00 00 02 27 B1 0C 00 00 01 0E FF F5 6C 
00 FF FF 00 02 10 22 93 00 00 02 00 00 02 27 B2 0C 00 00 01 2D FF F3 6B 
00 FF FF 00 02 10 22 93 00 00 02 00 00 02 27 B3 0C 00 00 00 A8 FF F3 6A 
00 FF FF 00 02 10 22 93 00 00 02 00 00 02 27 B4 0C 00 00 01 FF FF F3 6C 
00 FF FF 00 02 10 22 93 00 00 02 00 00 02 27 B5 0C 00 00 03 E0 FF F5 6C 
