00 FF FF 00 02 10 22 93 00 00 02 00 00 02 12 47 0C 00 00 07 17 FF DB 65 
00 FF FF 00 02 10 22 93 00 00 02 00 00 02 12 48 0C 00 00 0C 13 FF DC 63 
00 FF FF 00 02 10 22 93 00 00 02 00 00 02 12 4A 0C 00 00 07 94 FF DB 50 
00 FF FF 00 02 10 22 93 00 00 02 00 00 02 12 4D 0C 00 00 05 93 FF DA 5E 
00 FF FF 00 02 10 22 93 00 00 02 00 00 02 12 54 0C 00 00 06 42 FF D9 53 
00 FF FF 00 02 10 22 93 00 00 02 00 00 02 12 55 0C 00 00 07 BF FF DA 5F 
00 FF FF 00 02 10 22 93 00 00 02 00 00 02 12 56 0C 00 00 08 64 FF DB 5F 
00 FF FF 00 02 10 22 93 00 00 02 00 00 02 12 5D 0C 00 00 04 18 FF D9 4A 
00 FF FF 00 02 10 22 93 00 00 02 00 00 02 12 5E 0C 00 00 04 34 FF D9 5D 
00 FF FF 00 02 10 22 93 00 00 02 00 00 02 12 60 0C 00 00 03 2B FF D8 4A 
00 FF FF 00 02 10 22 93 00 00 02 00 00 02 12 65 0C 00 00 04 70 FF E5 66 
00 FF FF 00 02 10 22 93 00 00 02 00 00 02 12 66 0C 00 00 07 40 FF E5 68 
00 FF FF 00 02 10 22 93 00 00 02 00 00 02 12 6B 0C 00 00 08 44 FF E5 69 
00 FF FF 00 02 10 22 93 00 00 02 00 00 02 12 70 0C 00 00 04 7D FF E5 69 
00 FF FF 00 02 10 22 93 00 00 02 00 00 02 12 71 0C 00 00 04 90 FF E5 68 
00 FF FF 00 02 10 22 93 00 00 02 00 00 02 12 72 0C 00 00 05 55 FF E5 66 
00 FF FF 00 02 10 22 93 00 00 02 00 00 02 12 7D 0C 00 00 04 21 FF E5 68 
00 FF FF 00 02 10 22 93 00 00 02 00 00 02 12 7E 0C 00 00 05 BB FF E5 66 
00 FF FF 00 02 10 22 93 00 00 02 00 00 02 12 81 0C 00 00 05 92 FF E5 67 
00 FF FF 00 02 10 22 93 00 00 02 00 00 02 12 82 0C 00 00 08 29 FF E5 69 
00 FF FF 00 02 10 22 93 00 00 02 00 00 02 12 83 0C 00 00 06 2A FF E5 68 
00 FF FF 00 02 10 22 93 00 00 02 00 00 02 12 84 0C 00 00 04 3A FF E5 63 
00 FF FF 00 02 10 22 93 00 00 02 00 00 02 12 87 0C 00 00 06 8F FF E5 67 
00 FF FF 00 02 10 22 93 00 00 02 00 00 02 12 88 0C 00 00 04 62 FF E5 68 
00 FF FF 00 02 10 22 93 00 00 02 00 00 02 12 89 0C 00 00 04 02 FF E5 6A 
00 FF FF 00 02 10 22 93 00 00 02 00 00 02 12 8C 0C 00 00 07 98 FF E4 68 
00 FF FF 00 02 10 22 93 00 00 02 00 00 02 12 8D 0C 00 00 0B DF FF E5 6A 
00 FF FF 00 02 10 22 93 00 00 02 00 00 02 12 8F 0C 00 00 09 C8 FF E4 69 
00 FF FF 00 02 10 22 93 00 00 02 00 00 02 12 92 0C 00 00 04 CD FF E5 68 
00 FF FF 00 02 10 22 93 00 00 02 00 00 02 12 93 0C 00 00 07 2B FF E5 69 
00 FF FF 00 02 10 22 93 00 00 02 00 00 02 12 94 0C 00 00 07 4D FF E5 69 
00 FF FF 00 02 10 22 93 00 00 02 00 00 02 12 95 0C 00 00 05 8F FF E5 67 
00 FF FF 00 02 10 22 93 00 00 02 00 00 02 12 99 0C 00 00 0A BD FF E5 67 
00 FF FF 00 02 10 22 93 00 00 02 00 00 02 12 9D 0C 00 00 04 DA FF E5 66 
00 FF FF 00 02 10 22 93 00 00 02 00 00 02 12 9E 0C 00 00 05 BB FF E5 67 
00 FF FF 00 02 10 22 93 00 00 02 00 00 02 12 A2 0C 00 00 0A 61 FF E4 69 
00 FF FF 00 02 10 22 93 00 00 02 00 00 02 12 A4 0C 00 00 05 A9 FF E5 68 
00 FF FF 00 02 10 22 93 00 00 02 00 00 02 12 A6 0C 00 00 04 5A FF E5 69 
00 FF FF 00 02 10 22 93 00 00 02 00 00 02 12 A8 0C 00 00 05 5F FF E5 69 
00 FF FF 00 02 10 22 93 00 00 02 00 00 02 12 AF 0C 00 00 07 81 FF E5 65 
00 FF FF 00 02 10 22 93 00 00 02 00 00 02 12 B1 0C 00 00 04 A9 FF E5 65 
00 FF FF 00 02 10 22 93 00 00 02 00 00 02 12 B2 0C 00 00 07 34 FF E5 66 
00 FF FF 00 02 10 22 93 00 00 02 00 00 02 12 B4 0C 00 00 0B 4A FF E5 67 
00 FF FF 00 02 10 22 93 00 00 02 00 00 02 12 B6 0C 00 00 06 B3 FF E5 67 
00 FF FF 00 02 10 22 93 00 00 02 00 00 02 12 B7 0C 00 00 05 D4 FF E5 63 
00 FF FF 00 02 10 22 93 00 00 02 00 00 02 12 BC 0C 00 00 04 F7 FF E5 67 
00 FF FF 00 02 10 22 93 00 00 02 00 00 02 12 BE 0C 00 00 04 07 FF E4 68 
00 FF FF 00 02 10 22 93 00 00 02 00 00 02 12 BF 0C 00 00 09 FE FF E5 69 
00 FF FF 00 02 10 22 93 00 00 02 00 00 02 12 C1 0C 00 00 03 44 FF E4 6A 
00 FF FF 00 02 10 22 93 00 00 02 00 00 02 12 C3 0C 00 00 08 1D FF E5 67 
00 FF FF 00 02 10 22 93 00 00 02 00 00 02 12 C6 0C 00 00 06 14 FF E5 65 
00 FF FF 00 02 10 22 93 00 00 02 00 00 02 12 CB 0C 00 00 04 0F FF E4 63 
00 FF FF 00 02 10 22 93 00 00 02 00 00 02 12 CD 0C 00 00 05 F9 FF E5 67 
00 FF FF 00 02 10 22 93 00 00 02 00 00 02 12 CE 0C 00 00 07 41 FF E5 65 
00 FF FF 00 02 10 22 93 00 00 02 00 00 02 12 D2 0C 00 00 05 BF FF E5 6A 
00 FF FF 00 02 10 22 93 00 00 02 00 00 02 12 D6 0C 00 00 04 DA FF E5 67 
00 FF FF 00 02 10 22 93 00 00 02 00 00 02 12 D7 0C 00 00 04 1A FF E5 69 
00 FF FF 00 02 10 22 93 00 00 02 00 00 02 12 D9 0C 00 00 07 96 FF E5 69 
00 FF FF 00 02 10 22 93 00 00 02 00 00 02 12 DA 0C 00 00 06 3C FF E5 68 
00 FF FF 00 02 10 22 93 00 00 02 00 00 02 12 DD 0C 00 00 09 6E FF E5 64 
00 FF FF 00 02 10 22 93 00 00 02 00 00 02 12 DE 0C 00 00 07 0B FF E5 67 
00 FF FF 00 02 10 22 93 00 00 02 00 00 02 12 E6 0C 00 00 04 A3 FF E4 69 
00 FF FF 00 02 10 22 93 00 00 02 00 00 02 12 E7 0C 00 00 05 E9 FF E4 69 
00 FF FF 00 02 10 22 93 00 00 02 00 00 02 12 E8 0C 00 00 07 71 FF E5 69 
00 FF FF 00 02 10 22 93 00 00 02 00 00 02 12 EB 0C 00 00 05 CC FF E5 69 
00 FF FF 00 02 10 22 93 00 00 02 00 00 02 12 EC 0C 00 00 08 41 FF E5 67 
00 FF FF 00 02 10 22 93 00 00 02 00 00 02 12 F1 0C 00 00 05 0A FF E5 64 
00 FF FF 00 02 10 22 93 00 00 02 00 00 02 12 F8 0C 00 00 07 57 FF E5 67 
00 FF FF 00 02 10 22 93 00 00 02 00 00 02 12 FA 0C 00 00 05 5C FF E5 6A 
00 FF FF 00 02 10 22 93 00 00 02 00 00 02 12 FB 0C 00 00 04 AD FF E5 69 
00 FF FF 00 02 10 22 93 00 00 02 00 00 02 12 FE 0C 00 00 07 C3 FF E5 6A 
00 FF FF 00 02 10 22 93 00 00 02 00 00 02 12 FF 0C 00 00 06 48 FF E5 67 
00 FF FF 00 02 10 22 93 00 00 02 00 00 02 13 02 0C 00 00 05 05 FF E5 69 
00 FF FF 00 02 10 22 93 00 00 02 00 00 02 13 07 0C 00 00 04 38 FF E5 65 
00 FF FF 00 02 10 22 93 00 00 02 00 00 02 13 0A 0C 00 00 06 18 FF E5 69 
00 FF FF 00 02 10 22 93 00 00 02 00 00 02 13 0F 0C 00 00 08 6E FF E5 65 
00 FF FF 00 02 10 22 93 00 00 02 00 00 02 13 12 0C 00 00 03 BF FF E5 6A 
00 FF FF 00 02 10 22 93 00 00 02 00 00 02 13 15 0C 00 00 07 A5 FF E5 6A 
00 FF FF 00 02 10 22 93 00 00 02 00 00 02 13 1E 0C 00 00 05 74 FF E4 67 
00 FF FF 00 02 10 22 93 00 00 02 00 00 02 13 20 0C 00 00 0A 3C FF E5 69 
00 FF FF 00 02 10 22 93 00 00 02 00 00 02 13 22 0C 00 00 04 E5 FF E5 66 
00 FF FF 00 02 10 22 93 00 00 02 00 00 02 13 28 0C 00 00 06 7A FF E5 65 
00 FF FF 00 02 10 22 93 00 00 02 00 00 02 13 2A 0C 00 00 0A B3 FF E5 67 
00 FF FF 00 02 10 22 93 00 00 02 00 00 02 13 2C 0C 00 00 06 B3 FF E5 69 
00 FF FF 00 02 10 22 93 00 00 02 00 00 02 13 2F 0C 00 00 07 0D FF E5 69 
00 FF FF 00 02 10 22 93 00 00 02 00 00 02 13 30 0C 00 00 08 0E FF E5 69 
00 FF FF 00 02 10 22 93 00 00 02 00 00 02 13 32 0C 00 00 09 7B FF E5 69 
00 FF FF 00 02 10 22 93 00 00 02 00 00 02 13 33 0C 00 00 06 1D FF E4 67 
00 FF FF 00 02 10 22 93 00 00 02 00 00 02 13 35 0C 00 00 07 01 FF E5 65 
00 FF FF 00 02 10 22 93 00 00 02 00 00 02 13 36 0C 00 00 06 53 FF E5 68 
00 FF FF 00 02 10 22 93 00 00 02 00 00 02 13 3F 0C 00 00 06 01 FF E5 69 
00 FF FF 00 02 10 22 93 00 00 02 00 00 02 13 42 0C 00 00 06 0F FF E5 63 
00 FF FF 00 02 10 22 93 00 00 02 00 00 02 13 43 0C 00 00 04 EC FF E4 69 
00 FF FF 00 02 10 22 93 00 00 02 00 00 02 13 44 0C 00 00 08 53 FF E5 69 
00 FF FF 00 02 10 22 93 00 00 02 00 00 02 13 49 0C 00 00 08 CB FF E5 67 
00 FF FF 00 02 10 22 93 00 00 02 00 00 02 13 4B 0C 00 00 04 E2 FF E5 67 
00 FF FF 00 02 10 22 93 00 00 02 00 00 02 13 4F 0C 00 00 06 95 FF E5 65 
00 FF FF 00 02 10 22 93 00 00 02 00 00 02 13 53 0C 00 00 09 C5 FF E5 69 
00 FF FF 00 02 10 22 93 00 00 02 00 00 02 13 59 0C 00 00 09 8D FF E5 6A 
00 FF FF 00 02 10 22 93 00 00 02 00 00 02 13 5B 0C 00 00 08 73 FF E5 68 
00 FF FF 00 02 10 22 93 00 00 02 00 00 02 13 5D 0C 00 00 1D 34 FF E5 66 
00 FF FF 00 02 10 22 93 00 00 02 00 00 02 13 5E 0C 00 00 1E 1E FF E5 66 
00 FF FF 00 02 10 22 93 00 00 02 00 00 02 13 5F 0C 00 00 13 47 FF E5 63 
00 FF FF 00 02 10 22 93 00 00 02 00 00 02 13 60 0C 00 00 10 5B FF E5 67 
00 FF FF 00 02 10 22 93 00 00 02 00 00 02 13 61 0C 00 00 0D A4 FF E5 66 
00 FF FF 00 02 10 22 93 00 00 02 00 00 02 13 62 0C 00 00 0A 96 FF E5 68 
00 FF FF 00 02 10 22 93 00 00 02 00 00 02 13 63 0C 00 00 40 00 FF E5 68 
00 FF FF 00 02 10 22 93 00 00 02 00 00 02 13 64 0C 00 00 0F 9A FF E5 69 
00 FF FF 00 02 10 22 93 00 00 02 00 00 02 13 65 0C 00 00 0E 2A FF E5 69 
00 FF FF 00 02 10 22 93 00 00 02 00 00 02 13 66 0C 00 00 10 FE FF E5 69 
00 FF FF 00 02 10 22 93 00 00 02 00 00 02 13 67 0C 00 00 0F 3E FF E5 69 
00 FF FF 00 02 10 22 93 00 00 02 00 00 02 13 68 0C 00 00 0E 46 FF E5 69 
00 FF FF 00 02 10 22 93 00 00 02 00 00 02 13 69 0C 00 00 0E 70 FF E5 68 
00 FF FF 00 02 10 22 93 00 00 02 00 00 02 13 6A 0C 00 00 1D 6B FF E5 68 
00 FF FF 00 02 10 22 93 00 00 02 00 00 02 13 6B 0C 00 00 15 03 FF E5 67 
00 FF FF 00 02 10 22 93 00 00 02 00 00 02 13 6C 0C 00 00 24 FD FF E4 66 
00 FF FF 00 02 10 22 93 00 00 02 00 00 02 13 6D 0C 00 00 18 92 FF E4 69 
00 FF FF 00 02 10 22 93 00 00 02 00 00 02 13 6E 0C 00 00 0B DE FF E5 68 
00 FF FF 00 02 10 22 93 00 00 02 00 00 02 13 6F 0C 00 00 09 DB FF E5 67 
00 FF FF 00 02 10 22 93 00 00 02 00 00 02 13 70 0C 00 00 15 42 FF E5 69 
00 FF FF 00 02 10 22 93 00 00 02 00 00 02 13 71 0C 00 00 13 2B FF E5 65 
00 FF FF 00 02 10 22 93 00 00 02 00 00 02 13 72 0C 00 00 0C 86 FF E4 68 
00 FF FF 00 02 10 22 93 00 00 02 00 00 02 13 73 0C 00 00 13 55 FF E4 64 
00 FF FF 00 02 10 22 93 00 00 02 00 00 02 13 75 0C 00 00 20 EA FF E5 69 
00 FF FF 00 02 10 22 93 00 00 02 00 00 02 13 77 0C 00 00 1F 0D FF E5 68 
00 FF FF 00 02 10 22 93 00 00 02 00 00 02 13 78 0C 00 00 0A 48 FF E5 69 
00 FF FF 00 02 10 22 93 00 00 02 00 00 02 13 79 0C 00 00 10 D7 FF E5 68 
00 FF FF 00 02 10 22 93 00 00 02 00 00 02 13 7A 0C 00 00 11 6A FF E5 68 
00 FF FF 00 02 10 22 93 00 00 02 00 00 02 13 7B 0C 00 00 09 D6 FF E5 68 
00 FF FF 00 02 10 22 93 00 00 02 00 00 02 13 7C 0C 00 00 09 9B FF E5 68 
00 FF FF 00 02 10 22 93 00 00 02 00 00 02 13 7D 0C 00 00 13 05 FF E5 67 
00 FF FF 00 02 10 22 93 00 00 02 00 00 02 13 7E 0C 00 00 40 00 FF E5 69 
00 FF FF 00 02 10 22 93 00 00 02 00 00 02 13 7F 0C 00 00 1D CC FF E5 69 
00 FF FF 00 02 10 22 93 00 00 02 00 00 02 13 80 0C 00 00 25 22 FF E5 6A 
00 FF FF 00 02 10 22 93 00 00 02 00 00 02 13 81 0C 00 00 26 C5 FF E5 6A 
00 FF FF 00 02 10 22 93 00 00 02 00 00 02 13 82 0C 00 00 1F A9 FF E5 68 
00 FF FF 00 02 10 22 93 00 00 02 00 00 02 13 83 0C 00 00 24 DE FF E5 67 
00 FF FF 00 02 10 22 93 00 00 02 00 00 02 13 84 0C 00 00 0E EC FF E5 68 
00 FF FF 00 02 10 22 93 00 00 02 00 00 02 13 85 0C 00 00 1F BD FF E5 65 
00 FF FF 00 02 10 22 93 00 00 02 00 00 02 13 86 0C 00 00 11 EC FF E4 6A 
00 FF FF 00 02 10 22 93 00 00 02 00 00 02 13 87 0C 00 00 10 6F FF E5 68 
00 FF FF 00 02 10 22 93 00 00 02 00 00 02 13 89 0C 00 00 0D C3 FF E5 66 
00 FF FF 00 02 10 22 93 00 00 02 00 00 02 13 8A 0C 00 00 27 C1 FF E5 68 
00 FF FF 00 02 10 22 93 00 00 02 00 00 02 13 8B 0C 00 00 0A A2 FF E5 65 
00 FF FF 00 02 10 22 93 00 00 02 00 00 02 13 8C 0C 00 00 0A 76 FF E5 68 
00 FF FF 00 02 10 22 93 00 00 02 00 00 02 13 8D 0C 00 00 1E AE FF E5 65 
00 FF FF 00 02 10 22 93 00 00 02 00 00 02 13 8E 0C 00 00 12 42 FF E5 65 
00 FF FF 00 02 10 22 93 00 00 02 00 00 02 13 8F 0C 00 00 0A 10 FF E5 68 
00 FF FF 00 02 10 22 93 00 00 02 00 00 02 13 90 0C 00 00 0B 63 FF E4 68 
00 FF FF 00 02 10 22 93 00 00 02 00 00 02 13 91 0C 00 00 0C F0 FF E5 69 
00 FF FF 00 02 10 22 93 00 00 02 00 00 02 13 92 0C 00 00 12 3B FF E5 66 
00 FF FF 00 02 10 22 93 00 00 02 00 00 02 13 93 0C 00 00 0D CE FF E5 68 
00 FF FF 00 02 10 22 93 00 00 02 00 00 02 13 94 0C 00 00 14 52 FF E4 68 
00 FF FF 00 02 10 22 93 00 00 02 00 00 02 13 95 0C 00 00 1D A2 FF E5 68 
00 FF FF 00 02 10 22 93 00 00 02 00 00 02 13 96 0C 00 00 19 AB FF E5 69 
00 FF FF 00 02 10 22 93 00 00 02 00 00 02 13 97 0C 00 00 1C 6E FF E5 69 
00 FF FF 00 02 10 22 93 00 00 02 00 00 02 13 98 0C 00 00 16 5E FF E5 6A 
00 FF FF 00 02 10 22 93 00 00 02 00 00 02 13 9A 0C 00 00 0B E0 FF E5 69 
00 FF FF 00 02 10 22 93 00 00 02 00 00 02 13 9B 0C 00 00 0C D7 FF E5 68 
00 FF FF 00 02 10 22 93 00 00 02 00 00 02 13 9C 0C 00 00 13 70 FF E4 69 
00 FF FF 00 02 10 22 93 00 00 02 00 00 02 13 9D 0C 00 00 0D 4A FF E5 69 
00 FF FF 00 02 10 22 93 00 00 02 00 00 02 13 9E 0C 00 00 0E FE FF E5 69 
00 FF FF 00 02 10 22 93 00 00 02 00 00 02 13 9F 0C 00 00 0C 63 FF E5 69 
00 FF FF 00 02 10 22 93 00 00 02 00 00 02 13 A0 0C 00 00 0D 4B FF E5 67 
00 FF FF 00 02 10 22 93 00 00 02 00 00 02 13 A1 0C 00 00 09 28 FF E5 69 
00 FF FF 00 02 10 22 93 00 00 02 00 00 02 13 A2 0C 00 00 0B 72 FF E5 67 
00 FF FF 00 02 10 22 93 00 00 02 00 00 02 13 A3 0C 00 00 0B 3E FF E5 67 
00 FF FF 00 02 10 22 93 00 00 02 00 00 02 13 A4 0C 00 00 20 66 FF E5 69 
00 FF FF 00 02 10 22 93 00 00 02 00 00 02 13 A5 0C 00 00 18 70 FF E5 66 
00 FF FF 00 02 10 22 93 00 00 02 00 00 02 13 A6 0C 00 00 12 8B FF E5 65 
00 FF FF 00 02 10 22 93 00 00 02 00 00 02 13 A7 0C 00 00 17 20 FF E5 68 
00 FF FF 00 02 10 22 93 00 00 02 00 00 02 13 A8 0C 00 00 0D C7 FF E5 67 
00 FF FF 00 02 10 22 93 00 00 02 00 00 02 13 A9 0C 00 00 0E 22 FF E4 65 
00 FF FF 00 02 10 22 93 00 00 02 00 00 02 13 AB 0C 00 00 0F 0E FF E5 67 
00 FF FF 00 02 10 22 93 00 00 02 00 00 02 13 AC 0C 00 00 16 95 FF E5 66 
00 FF FF 00 02 10 22 93 00 00 02 00 00 02 13 AD 0C 00 00 12 90 FF E5 65 
00 FF FF 00 02 10 22 93 00 00 02 00 00 02 13 AE 0C 00 00 0B 51 FF E5 69 
00 FF FF 00 02 10 22 93 00 00 02 00 00 02 13 AF 0C 00 00 0B 07 FF E5 67 
00 FF FF 00 02 10 22 93 00 00 02 00 00 02 13 B0 0C 00 00 1D 16 FF E5 66 
00 FF FF 00 02 10 22 93 00 00 02 00 00 02 13 B1 0C 00 00 10 3B FF E5 66 
00 FF FF 00 02 10 22 93 00 00 02 00 00 02 13 B2 0C 00 00 0A 6F FF E4 66 
00 FF FF 00 02 10 22 93 00 00 02 00 00 02 13 B3 0C 00 00 10 65 FF E5 6A 
00 FF FF 00 02 10 22 93 00 00 02 00 00 02 13 B4 0C 00 00 1F 16 FF E5 6A 
00 FF FF 00 02 10 22 93 00 00 02 00 00 02 13 B5 0C 00 00 1A 8C FF E5 67 
00 FF FF 00 02 10 22 93 00 00 02 00 00 02 13 B6 0C 00 00 22 B8 FF E5 67 
00 FF FF 00 02 10 22 93 00 00 02 00 00 02 13 B7 0C 00 00 16 C5 FF E5 66 
00 FF FF 00 02 10 22 93 00 00 02 00 00 02 13 B9 0C 00 00 0C A6 FF E5 65 
00 FF FF 00 02 10 22 93 00 00 02 00 00 02 13 BA 0C 00 00 0F AD FF E5 69 
00 FF FF 00 02 10 22 93 00 00 02 00 00 02 13 BC 0C 00 00 0B 26 FF E5 69 
00 FF FF 00 02 10 22 93 00 00 02 00 00 02 13 BE 0C 00 00 0C F5 FF E5 67 
00 FF FF 00 02 10 22 93 00 00 02 00 00 02 13 BF 0C 00 00 0F 4F FF E5 68 
00 FF FF 00 02 10 22 93 00 00 02 00 00 02 13 C0 0C 00 00 12 10 FF E5 62 
00 FF FF 00 02 10 22 93 00 00 02 00 00 02 13 C1 0C 00 00 18 78 FF E5 66 
00 FF FF 00 02 10 22 93 00 00 02 00 00 02 13 C2 0C 00 00 0D 57 FF E5 69 
00 FF FF 00 02 10 22 93 00 00 02 00 00 02 13 C3 0C 00 00 1C C4 FF E5 68 
00 FF FF 00 02 10 22 93 00 00 02 00 00 02 13 C4 0C 00 00 15 0E FF E5 68 
00 FF FF 00 02 10 22 93 00 00 02 00 00 02 13 C5 0C 00 00 0F DD FF E5 66 
00 FF FF 00 02 10 22 93 00 00 02 00 00 02 13 C6 0C 00 00 0F D0 FF E5 66 
00 FF FF 00 02 10 22 93 00 00 02 00 00 02 13 C7 0C 00 00 39 4A FF E5 64 
00 FF FF 00 02 10 22 93 00 00 02 00 00 02 13 C8 0C 00 00 1B BA FF E5 66 
00 FF FF 00 02 10 22 93 00 00 02 00 00 02 13 C9 0C 00 00 0D 21 FF E5 68 
00 FF FF 00 02 10 22 93 00 00 02 00 00 02 13 CA 0C 00 00 0D 00 FF E4 68 
00 FF FF 00 02 10 22 93 00 00 02 00 00 02 13 CB 0C 00 00 0B 3E FF E4 68 
00 FF FF 00 02 10 22 93 00 00 02 00 00 02 13 CD 0C 00 00 0D A7 FF E5 67 
00 FF FF 00 02 10 22 93 00 00 02 00 00 02 13 CE 0C 00 00 23 22 FF E5 64 
00 FF FF 00 02 10 22 93 00 00 02 00 00 02 13 CF 0C 00 00 13 5B FF E5 68 
00 FF FF 00 02 10 22 93 00 00 02 00 00 02 13 D0 0C 00 00 15 1E FF E5 67 
00 FF FF 00 02 10 22 93 00 00 02 00 00 02 13 D1 0C 00 00 0E 70 FF E5 69 
00 FF FF 00 02 10 22 93 00 00 02 00 00 02 13 D2 0C 00 00 0C 1E FF E5 69 
00 FF FF 00 02 10 22 93 00 00 02 00 00 02 13 D3 0C 00 00 09 9D FF E5 66 
00 FF FF 00 02 10 22 93 00 00 02 00 00 02 13 D4 0C 00 00 14 66 FF E5 69 
00 FF FF 00 02 10 22 93 00 00 02 00 00 02 13 D5 0C 00 00 0E 68 FF E5 68 
00 FF FF 00 02 10 22 93 00 00 02 00 00 02 13 D6 0C 00 00 0E 86 FF E5 67 
00 FF FF 00 02 10 22 93 00 00 02 00 00 02 13 D7 0C 00 00 2C 51 FF E5 68 
00 FF FF 00 02 10 22 93 00 00 02 00 00 02 13 D8 0C 00 00 14 4B FF E5 65 
00 FF FF 00 02 10 22 93 00 00 02 00 00 02 13 D9 0C 00 00 16 33 FF E5 68 
00 FF FF 00 02 10 22 93 00 00 02 00 00 02 13 DA 0C 00 00 0F 7F FF E4 69 
00 FF FF 00 02 10 22 93 00 00 02 00 00 02 13 DB 0C 00 00 1D 6B FF E5 67 
00 FF FF 00 02 10 22 93 00 00 02 00 00 02 13 DC 0C 00 00 09 8B FF E4 69 
00 FF FF 00 02 10 22 93 00 00 02 00 00 02 13 DD 0C 00 00 11 97 FF E5 66 
00 FF FF 00 02 10 22 93 00 00 02 00 00 02 13 DE 0C 00 00 0D 17 FF E5 65 
00 FF FF 00 02 10 22 93 00 00 02 00 00 02 13 DF 0C 00 00 1C 43 FF E5 68 
00 FF FF 00 02 10 22 93 00 00 02 00 00 02 13 E0 0C 00 00 25 56 FF E5 66 
00 FF FF 00 02 10 22 93 00 00 02 00 00 02 13 E1 0C 00 00 0E 83 FF E5 6A 
00 FF FF 00 02 10 22 93 00 00 02 00 00 02 13 E2 0C 00 00 0C C5 FF E5 69 
00 FF FF 00 02 10 22 93 00 00 02 00 00 02 13 E3 0C 00 00 0F 73 FF E5 67 
00 FF FF 00 02 10 22 93 00 00 02 00 00 02 13 E4 0C 00 00 10 64 FF E5 68 
00 FF FF 00 02 10 22 93 00 00 02 00 00 02 13 E5 0C 00 00 0C E9 FF E4 68 
00 FF FF 00 02 10 22 93 00 00 02 00 00 02 13 E6 0C 00 00 0F A9 FF E5 69 
00 FF FF 00 02 10 22 93 00 00 02 00 00 02 13 E7 0C 00 00 1F 02 FF E5 68 
00 FF FF 00 02 10 22 93 00 00 02 00 00 02 13 E8 0C 00 00 14 5D FF E5 68 
00 FF FF 00 02 10 22 93 00 00 02 00 00 02 13 E9 0C 00 00 22 D6 FF E5 68 
00 FF FF 00 02 10 22 93 00 00 02 00 00 02 13 EA 0C 00 00 0D 3E FF E5 69 
00 FF FF 00 02 10 22 93 00 00 02 00 00 02 13 EB 0C 00 00 0A 81 FF E4 66 
00 FF FF 00 02 10 22 93 00 00 02 00 00 02 13 EC 0C 00 00 08 DC FF E5 66 
00 FF FF 00 02 10 22 93 00 00 02 00 00 02 13 ED 0C 00 00 09 D4 FF E5 65 
00 FF FF 00 02 10 22 93 00 00 02 00 00 02 13 EE 0C 00 00 09 26 FF E4 69 
00 FF FF 00 02 10 22 93 00 00 02 00 00 02 13 EF 0C 00 00 10 6A FF E5 66 
00 FF FF 00 02 10 22 93 00 00 02 00 00 02 13 F0 0C 00 00 2E 49 FF E5 69 
00 FF FF 00 02 10 22 93 00 00 02 00 00 02 13 F1 0C 00 00 0E B8 FF E5 67 
00 FF FF 00 02 10 22 93 00 00 02 00 00 02 13 F2 0C 00 00 0C E3 FF E5 69 
00 FF FF 00 02 10 22 93 00 00 02 00 00 02 13 F3 0C 00 00 27 41 FF E5 65 
00 FF FF 00 02 10 22 93 00 00 02 00 00 02 13 F4 0C 00 00 19 8B FF E5 69 
00 FF FF 00 02 10 22 93 00 00 02 00 00 02 13 F5 0C 00 00 08 08 FF E5 69 
00 FF FF 00 02 10 22 93 00 00 02 00 00 02 13 F6 0C 00 00 07 98 FF E5 65 
00 FF FF 00 02 10 22 93 00 00 02 00 00 02 13 F7 0C 00 00 0C 27 FF E5 68 
00 FF FF 00 02 10 22 93 00 00 02 00 00 02 13 F8 0C 00 00 10 78 FF E5 68 
00 FF FF 00 02 10 22 93 00 00 02 00 00 02 13 F9 0C 00 00 29 59 FF E5 69 
00 FF FF 00 02 10 22 93 00 00 02 00 00 02 13 FA 0C 00 00 40 00 FF E5 69 
00 FF FF 00 02 10 22 93 00 00 02 00 00 02 13 FB 0C 00 00 0C C1 FF E5 68 
00 FF FF 00 02 10 22 93 00 00 02 00 00 02 13 FC 0C 00 00 10 14 FF E5 68 
00 FF FF 00 02 10 22 93 00 00 02 00 00 02 13 FD 0C 00 00 1C E3 FF E5 66 
00 FF FF 00 02 10 22 93 00 00 02 00 00 02 13 FE 0C 00 00 0F 93 FF E5 67 
00 FF FF 00 02 10 22 93 00 00 02 00 00 02 13 FF 0C 00 00 1B CC FF E5 67 
00 FF FF 00 02 10 22 93 00 00 02 00 00 02 14 00 0C 00 00 08 15 FF E5 68 
00 FF FF 00 02 10 22 93 00 00 02 00 00 02 14 01 0C 00 00 18 E1 FF E5 66 
00 FF FF 00 02 10 22 93 00 00 02 00 00 02 14 02 0C 00 00 19 6D FF E5 64 
00 FF FF 00 02 10 22 93 00 00 02 00 00 02 14 03 0C 00 00 09 2B FF E5 68 
00 FF FF 00 02 10 22 93 00 00 02 00 00 02 14 04 0C 00 00 0B 0D FF E4 69 
00 FF FF 00 02 10 22 93 00 00 02 00 00 02 14 05 0C 00 00 23 9A FF E5 68 
00 FF FF 00 02 10 22 93 00 00 02 00 00 02 14 06 0C 00 00 08 AB FF E4 68 
00 FF FF 00 02 10 22 93 00 00 02 00 00 02 14 07 0C 00 00 08 27 FF E5 68 
00 FF FF 00 02 10 22 93 00 00 02 00 00 02 14 08 0C 00 00 0F E8 FF E5 67 
00 FF FF 00 02 10 22 93 00 00 02 00 00 02 14 09 0C 00 00 16 C6 FF E5 66 
00 FF FF 00 02 10 22 93 00 00 02 00 00 02 14 0A 0C 00 00 1B A4 FF E5 65 
00 FF FF 00 02 10 22 93 00 00 02 00 00 02 14 0B 0C 00 00 14 9F FF E5 64 
00 FF FF 00 02 10 22 93 00 00 02 00 00 02 14 0C 0C 00 00 10 4B FF E5 69 
00 FF FF 00 02 10 22 93 00 00 02 00 00 02 14 0D 0C 00 00 0B 38 FF E4 68 
00 FF FF 00 02 10 22 93 00 00 02 00 00 02 14 0E 0C 00 00 0D D9 FF E5 67 
00 FF FF 00 02 10 22 93 00 00 02 00 00 02 14 0F 0C 00 00 0B 75 FF E5 67 
00 FF FF 00 02 10 22 93 00 00 02 00 00 02 14 10 0C 00 00 0C E2 FF E5 6A 
00 FF FF 00 02 10 22 93 00 00 02 00 00 02 14 11 0C 00 00 0E E6 FF E5 67 
00 FF FF 00 02 10 22 93 00 00 02 00 00 02 14 12 0C 00 00 31 E1 FF E5 69 
00 FF FF 00 02 10 22 93 00 00 02 00 00 02 14 13 0C 00 00 18 2C FF E5 68 
00 FF FF 00 02 10 22 93 00 00 02 00 00 02 14 14 0C 00 00 0D 00 FF E5 67 
00 FF FF 00 02 10 22 93 00 00 02 00 00 02 14 15 0C 00 00 0F 5B FF E5 68 
00 FF FF 00 02 10 22 93 00 00 02 00 00 02 14 16 0C 00 00 0C CB FF E5 65 
00 FF FF 00 02 10 22 93 00 00 02 00 00 02 14 17 0C 00 00 0B BD FF E5 67 
00 FF FF 00 02 10 22 93 00 00 02 00 00 02 14 18 0C 00 00 0A 89 FF E5 66 
00 FF FF 00 02 10 22 93 00 00 02 00 00 02 14 19 0C 00 00 0D BA FF E4 69 
00 FF FF 00 02 10 22 93 00 00 02 00 00 02 14 1A 0C 00 00 0A 42 FF E5 67 
00 FF FF 00 02 10 22 93 00 00 02 00 00 02 14 1B 0C 00 00 14 5D FF E5 69 
00 FF FF 00 02 10 22 93 00 00 02 00 00 02 14 1C 0C 00 00 17 82 FF E5 65 
00 FF FF 00 02 10 22 93 00 00 02 00 00 02 14 1D 0C 00 00 0F 88 FF E5 69 
00 FF FF 00 02 10 22 93 00 00 02 00 00 02 14 1E 0C 00 00 0F 7B FF E5 68 
00 FF FF 00 02 10 22 93 00 00 02 00 00 02 14 1F 0C 00 00 08 D4 FF E5 69 
00 FF FF 00 02 10 22 93 00 00 02 00 00 02 14 20 0C 00 00 0B DB FF E4 69 
00 FF FF 00 02 10 22 93 00 00 02 00 00 02 14 21 0C 00 00 0F B1 FF E5 69 
00 FF FF 00 02 10 22 93 00 00 02 00 00 02 14 22 0C 00 00 1F B6 FF E5 67 
00 FF FF 00 02 10 22 93 00 00 02 00 00 02 14 23 0C 00 00 15 6C FF E5 63 
00 FF FF 00 02 10 22 93 00 00 02 00 00 02 14 24 0C 00 00 18 2F FF E5 67 
00 FF FF 00 02 10 22 93 00 00 02 00 00 02 14 25 0C 00 00 0C 8B FF E5 67 
00 FF FF 00 02 10 22 93 00 00 02 00 00 02 14 26 0C 00 00 0A 4A FF E4 69 
00 FF FF 00 02 10 22 93 00 00 02 00 00 02 14 27 0C 00 00 2C AE FF E5 69 
00 FF FF 00 02 10 22 93 00 00 02 00 00 02 14 28 0C 00 00 07 50 FF E5 69 
00 FF FF 00 02 10 22 93 00 00 02 00 00 02 14 29 0C 00 00 10 37 FF E4 6A 
00 FF FF 00 02 10 22 93 00 00 02 00 00 02 14 2A 0C 00 00 0A AD FF E5 67 
00 FF FF 00 02 10 22 93 00 00 02 00 00 02 14 2B 0C 00 00 1A 76 FF E4 65 
00 FF FF 00 02 10 22 93 00 00 02 00 00 02 14 2C 0C 00 00 0E 72 FF E5 66 
00 FF FF 00 02 10 22 93 00 00 02 00 00 02 14 2D 0C 00 00 0E 72 FF E5 68 
00 FF FF 00 02 10 22 93 00 00 02 00 00 02 14 2E 0C 00 00 20 11 FF E5 67 
00 FF FF 00 02 10 22 93 00 00 02 00 00 02 14 2F 0C 00 00 0D 97 FF E4 66 
00 FF FF 00 02 10 22 93 00 00 02 00 00 02 14 30 0C 00 00 0B 8B FF E5 69 
00 FF FF 00 02 10 22 93 00 00 02 00 00 02 14 31 0C 00 00 0A 0E FF E5 67 
00 FF FF 00 02 10 22 93 00 00 02 00 00 02 14 32 0C 00 00 0F DC FF E5 67 
00 FF FF 00 02 10 22 93 00 00 02 00 00 02 14 33 0C 00 00 0F 7A FF E5 68 
00 FF FF 00 02 10 22 93 00 00 02 00 00 02 14 34 0C 00 00 15 ED FF E5 69 
00 FF FF 00 02 10 22 93 00 00 02 00 00 02 14 35 0C 00 00 1D D1 FF E5 68 
00 FF FF 00 02 10 22 93 00 00 02 00 00 02 14 36 0C 00 00 37 91 FF E5 67 
00 FF FF 00 02 10 22 93 00 00 02 00 00 02 14 37 0C 00 00 22 87 FF E5 69 
00 FF FF 00 02 10 22 93 00 00 02 00 00 02 14 38 0C 00 00 0B 8F FF E5 69 
00 FF FF 00 02 10 22 93 00 00 02 00 00 02 14 39 0C 00 00 08 97 FF E5 66 
00 FF FF 00 02 10 22 93 00 00 02 00 00 02 14 3A 0C 00 00 0C 06 FF E5 66 
00 FF FF 00 02 10 22 93 00 00 02 00 00 02 14 3B 0C 00 00 0A BF FF E5 67 
00 FF FF 00 02 10 22 93 00 00 02 00 00 02 14 3C 0C 00 00 12 7A FF E5 67 
00 FF FF 00 02 10 22 93 00 00 02 00 00 02 14 3D 0C 00 00 12 15 FF E5 66 
00 FF FF 00 02 10 22 93 00 00 02 00 00 02 14 3E 0C 00 00 1F B9 FF E5 69 
00 FF FF 00 02 10 22 93 00 00 02 00 00 02 14 3F 0C 00 00 24 02 FF E5 67 
00 FF FF 00 02 10 22 93 00 00 02 00 00 02 14 40 0C 00 00 1A DB FF E5 69 
00 FF FF 00 02 10 22 93 00 00 02 00 00 02 14 41 0C 00 00 0B D6 FF E5 65 
00 FF FF 00 02 10 22 93 00 00 02 00 00 02 14 42 0C 00 00 08 C3 FF E5 69 
00 FF FF 00 02 10 22 93 00 00 02 00 00 02 14 43 0C 00 00 09 10 FF E5 66 
00 FF FF 00 02 10 22 93 00 00 02 00 00 02 14 44 0C 00 00 13 A0 FF E5 6A 
00 FF FF 00 02 10 22 93 00 00 02 00 00 02 14 46 0C 00 00 19 C2 FF E5 69 
00 FF FF 00 02 10 22 93 00 00 02 00 00 02 14 47 0C 00 00 0B 6A FF E5 68 
00 FF FF 00 02 10 22 93 00 00 02 00 00 02 14 48 0C 00 00 19 77 FF E5 68 
00 FF FF 00 02 10 22 93 00 00 02 00 00 02 14 49 0C 00 00 0E EE FF E5 69 
00 FF FF 00 02 10 22 93 00 00 02 00 00 02 14 4A 0C 00 00 08 90 FF E5 68 
00 FF FF 00 02 10 22 93 00 00 02 00 00 02 14 4B 0C 00 00 0C 6C FF E5 68 
00 FF FF 00 02 10 22 93 00 00 02 00 00 02 14 4C 0C 00 00 09 8D FF E5 6A 
00 FF FF 00 02 10 22 93 00 00 02 00 00 02 14 4D 0C 00 00 1A A4 FF E5 67 
00 FF FF 00 02 10 22 93 00 00 02 00 00 02 14 4E 0C 00 00 15 D3 FF E5 68 
00 FF FF 00 02 10 22 93 00 00 02 00 00 02 14 4F 0C 00 00 1D 17 FF E5 67 
00 FF FF 00 02 10 22 93 00 00 02 00 00 02 14 51 0C 00 00 0D 71 FF E5 69 
00 FF FF 00 02 10 22 93 00 00 02 00 00 02 14 52 0C 00 00 0E A7 FF E5 68 
00 FF FF 00 02 10 22 93 00 00 02 00 00 02 14 54 0C 00 00 0E 7E FF E5 69 
00 FF FF 00 02 10 22 93 00 00 02 00 00 02 14 55 0C 00 00 2F CC FF E5 67 
00 FF FF 00 02 10 22 93 00 00 02 00 00 02 14 56 0C 00 00 1A 0C FF E5 67 
00 FF FF 00 02 10 22 93 00 00 02 00 00 02 14 57 0C 00 00 10 FA FF E5 6A 
00 FF FF 00 02 10 22 93 00 00 02 00 00 02 14 58 0C 00 00 1B 45 FF E5 69 
00 FF FF 00 02 10 22 93 00 00 02 00 00 02 14 59 0C 00 00 09 93 FF E5 64 
00 FF FF 00 02 10 22 93 00 00 02 00 00 02 14 5A 0C 00 00 09 43 FF E5 66 
00 FF FF 00 02 10 22 93 00 00 02 00 00 02 14 5B 0C 00 00 0F E9 FF E5 64 
00 FF FF 00 02 10 22 93 00 00 02 00 00 02 14 5C 0C 00 00 0C 24 FF E5 67 
00 FF FF 00 02 10 22 93 00 00 02 00 00 02 14 5D 0C 00 00 0C 77 FF E5 64 
00 FF FF 00 02 10 22 93 00 00 02 00 00 02 14 5E 0C 00 00 12 E3 FF E5 68 
00 FF FF 00 02 10 22 93 00 00 02 00 00 02 14 5F 0C 00 00 10 4B FF E5 6A 
00 FF FF 00 02 10 22 93 00 00 02 00 00 02 14 60 0C 00 00 0F BF FF E5 69 
00 FF FF 00 02 10 22 93 00 00 02 00 00 02 14 61 0C 00 00 0D 36 FF E5 67 
00 FF FF 00 02 10 22 93 00 00 02 00 00 02 14 62 0C 00 00 10 66 FF E5 6A 
00 FF FF 00 02 10 22 93 00 00 02 00 00 02 14 63 0C 00 00 0C D1 FF E5 68 
00 FF FF 00 02 10 22 93 00 00 02 00 00 02 14 64 0C 00 00 0A DD FF E5 69 
00 FF FF 00 02 10 22 93 00 00 02 00 00 02 14 65 0C 00 00 0F 22 FF E5 6A 
00 FF FF 00 02 10 22 93 00 00 02 00 00 02 14 66 0C 00 00 16 FE FF E5 65 
00 FF FF 00 02 10 22 93 00 00 02 00 00 02 14 67 0C 00 00 12 DE FF E4 66 
00 FF FF 00 02 10 22 93 00 00 02 00 00 02 14 68 0C 00 00 26 4D FF E5 67 
00 FF FF 00 02 10 22 93 00 00 02 00 00 02 14 69 0C 00 00 0F AE FF E5 69 
00 FF FF 00 02 10 22 93 00 00 02 00 00 02 14 6B 0C 00 00 13 BE FF E5 69 
00 FF FF 00 02 10 22 93 00 00 02 00 00 02 14 6C 0C 00 00 18 02 FF E5 68 
00 FF FF 00 02 10 22 93 00 00 02 00 00 02 14 6D 0C 00 00 0A F6 FF E5 68 
00 FF FF 00 02 10 22 93 00 00 02 00 00 02 14 6E 0C 00 00 0A 9C FF E5 68 
00 FF FF 00 02 10 22 93 00 00 02 00 00 02 14 6F 0C 00 00 0D 3B FF E5 66 
00 FF FF 00 02 10 22 93 00 00 02 00 00 02 14 70 0C 00 00 0A 53 FF E4 68 
00 FF FF 00 02 10 22 93 00 00 02 00 00 02 14 71 0C 00 00 10 ED FF E5 68 
00 FF FF 00 02 10 22 93 00 00 02 00 00 02 14 72 0C 00 00 17 0F FF E5 6A 
00 FF FF 00 02 10 22 93 00 00 02 00 00 02 14 73 0C 00 00 12 AA FF E5 68 
00 FF FF 00 02 10 22 93 00 00 02 00 00 02 14 74 0C 00 00 1F 02 FF E5 6A 
00 FF FF 00 02 10 22 93 00 00 02 00 00 02 14 75 0C 00 00 12 09 FF E5 68 
00 FF FF 00 02 10 22 93 00 00 02 00 00 02 14 76 0C 00 00 0D 5F FF E5 6A 
00 FF FF 00 02 10 22 93 00 00 02 00 00 02 14 77 0C 00 00 0E 36 FF E5 67 
00 FF FF 00 02 10 22 93 00 00 02 00 00 02 14 79 0C 00 00 0A BA FF E5 67 
00 FF FF 00 02 10 22 93 00 00 02 00 00 02 14 7A 0C 00 00 1C 15 FF E5 65 
00 FF FF 00 02 10 22 93 00 00 02 00 00 02 14 7B 0C 00 00 0D BA FF E5 66 
00 FF FF 00 02 10 22 93 00 00 02 00 00 02 14 7C 0C 00 00 23 82 FF E5 68 
00 FF FF 00 02 10 22 93 00 00 02 00 00 02 14 7D 0C 00 00 0A 75 FF E5 66 
00 FF FF 00 02 10 22 93 00 00 02 00 00 02 14 7E 0C 00 00 1B B9 FF E5 69 
00 FF FF 00 02 10 22 93 00 00 02 00 00 02 14 7F 0C 00 00 10 8F FF E5 6A 
00 FF FF 00 02 10 22 93 00 00 02 00 00 02 14 80 0C 00 00 0B 39 FF E5 67 
00 FF FF 00 02 10 22 93 00 00 02 00 00 02 14 81 0C 00 00 0A 7A FF E5 65 
00 FF FF 00 02 10 22 93 00 00 02 00 00 02 14 82 0C 00 00 10 9A FF E5 65 
00 FF FF 00 02 10 22 93 00 00 02 00 00 02 14 83 0C 00 00 0E DA FF E5 63 
00 FF FF 00 02 10 22 93 00 00 02 00 00 02 14 84 0C 00 00 0C D3 FF E5 69 
00 FF FF 00 02 10 22 93 00 00 02 00 00 02 14 85 0C 00 00 1F F4 FF E5 66 
00 FF FF 00 02 10 22 93 00 00 02 00 00 02 14 86 0C 00 00 11 05 FF E4 6A 
00 FF FF 00 02 10 22 93 00 00 02 00 00 02 14 87 0C 00 00 10 40 FF E5 69 
00 FF FF 00 02 10 22 93 00 00 02 00 00 02 14 88 0C 00 00 0A 5C FF E5 6A 
00 FF FF 00 02 10 22 93 00 00 02 00 00 02 14 89 0C 00 00 0B 6E FF E5 67 
00 FF FF 00 02 10 22 93 00 00 02 00 00 02 14 8A 0C 00 00 0F 1C FF E5 65 
00 FF FF 00 02 10 22 93 00 00 02 00 00 02 14 8B 0C 00 00 0E 66 FF E5 69 
00 FF FF 00 02 10 22 93 00 00 02 00 00 02 14 8D 0C 00 00 1D AE FF E5 66 
00 FF FF 00 02 10 22 93 00 00 02 00 00 02 14 8E 0C 00 00 10 4F FF E5 67 
00 FF FF 00 02 10 22 93 00 00 02 00 00 02 14 8F 0C 00 00 0C 4E FF E5 69 
00 FF FF 00 02 10 22 93 00 00 02 00 00 02 14 90 0C 00 00 0A 0B FF E5 68 
00 FF FF 00 02 10 22 93 00 00 02 00 00 02 14 91 0C 00 00 0A EA FF E4 67 
00 FF FF 00 02 10 22 93 00 00 02 00 00 02 14 92 0C 00 00 11 3B FF E5 67 
00 FF FF 00 02 10 22 93 00 00 02 00 00 02 14 93 0C 00 00 22 D6 FF E5 64 
00 FF FF 00 02 10 22 93 00 00 02 00 00 02 14 94 0C 00 00 31 E1 FF E5 68 
00 FF FF 00 02 10 22 93 00 00 02 00 00 02 14 95 0C 00 00 13 A8 FF E5 66 
00 FF FF 00 02 10 22 93 00 00 02 00 00 02 14 96 0C 00 00 13 A8 FF E4 69 
00 FF FF 00 02 10 22 93 00 00 02 00 00 02 14 97 0C 00 00 0F 12 FF E5 67 
00 FF FF 00 02 10 22 93 00 00 02 00 00 02 14 98 0C 00 00 10 EE FF E4 69 
00 FF FF 00 02 10 22 93 00 00 02 00 00 02 14 99 0C 00 00 10 06 FF E5 6A 
00 FF FF 00 02 10 22 93 00 00 02 00 00 02 14 9B 0C 00 00 1B 0D FF E5 67 
00 FF FF 00 02 10 22 93 00 00 02 00 00 02 14 9C 0C 00 00 0E 43 FF E5 67 
00 FF FF 00 02 10 22 93 00 00 02 00 00 02 14 9D 0C 00 00 0F 9E FF E5 65 
00 FF FF 00 02 10 22 93 00 00 02 00 00 02 14 9E 0C 00 00 16 05 FF E5 66 
00 FF FF 00 02 10 22 93 00 00 02 00 00 02 14 9F 0C 00 00 0F 2D FF E5 67 
00 FF FF 00 02 10 22 93 00 00 02 00 00 02 14 A0 0C 00 00 17 84 FF E5 6A 
00 FF FF 00 02 10 22 93 00 00 02 00 00 02 14 A1 0C 00 00 0C FE FF E5 68 
00 FF FF 00 02 10 22 93 00 00 02 00 00 02 14 A2 0C 00 00 0B 55 FF E5 67 
00 FF FF 00 02 10 22 93 00 00 02 00 00 02 14 A3 0C 00 00 0D CE FF E5 69 
00 FF FF 00 02 10 22 93 00 00 02 00 00 02 14 A4 0C 00 00 10 07 FF E5 68 
00 FF FF 00 02 10 22 93 00 00 02 00 00 02 14 A5 0C 00 00 20 11 FF E5 69 
00 FF FF 00 02 10 22 93 00 00 02 00 00 02 14 A6 0C 00 00 40 00 FF E4 63 
00 FF FF 00 02 10 22 93 00 00 02 00 00 02 14 A7 0C 00 00 0E 81 FF E5 69 
00 FF FF 00 02 10 22 93 00 00 02 00 00 02 14 A8 0C 00 00 12 7F FF E5 68 
00 FF FF 00 02 10 22 93 00 00 02 00 00 02 14 AA 0C 00 00 0D 71 FF E4 68 
00 FF FF 00 02 10 22 93 00 00 02 00 00 02 14 AB 0C 00 00 0C 37 FF E5 66 
00 FF FF 00 02 10 22 93 00 00 02 00 00 02 14 AC 0C 00 00 0C D4 FF E5 69 
00 FF FF 00 02 10 22 93 00 00 02 00 00 02 14 AD 0C 00 00 16 2E FF E5 69 
00 FF FF 00 02 10 22 93 00 00 02 00 00 02 14 AF 0C 00 00 13 45 FF E5 66 
00 FF FF 00 02 10 22 93 00 00 02 00 00 02 14 B0 0C 00 00 12 8A FF E5 66 
00 FF FF 00 02 10 22 93 00 00 02 00 00 02 14 B1 0C 00 00 23 85 FF E5 65 
00 FF FF 00 02 10 22 93 00 00 02 00 00 02 14 B2 0C 00 00 22 CE FF E4 64 
00 FF FF 00 02 10 22 93 00 00 02 00 00 02 14 B3 0C 00 00 11 CA FF E5 68 
00 FF FF 00 02 10 22 93 00 00 02 00 00 02 14 B4 0C 00 00 0C A6 FF E5 68 
00 FF FF 00 02 10 22 93 00 00 02 00 00 02 14 B5 0C 00 00 0B 47 FF E5 68 
00 FF FF 00 02 10 22 93 00 00 02 00 00 02 14 B6 0C 00 00 09 99 FF E5 69 
00 FF FF 00 02 10 22 93 00 00 02 00 00 02 14 B7 0C 00 00 0A 22 FF E5 69 
00 FF FF 00 02 10 22 93 00 00 02 00 00 02 14 B8 0C 00 00 0D C6 FF E5 69 
00 FF FF 00 02 10 22 93 00 00 02 00 00 02 14 B9 0C 00 00 22 BE FF E5 69 
00 FF FF 00 02 10 22 93 00 00 02 00 00 02 14 BB 0C 00 00 11 C0 FF E4 6A 
00 FF FF 00 02 10 22 93 00 00 02 00 00 02 14 BC 0C 00 00 14 5D FF E5 66 
00 FF FF 00 02 10 22 93 00 00 02 00 00 02 14 BE 0C 00 00 09 18 FF E5 69 
00 FF FF 00 02 10 22 93 00 00 02 00 00 02 14 BF 0C 00 00 08 5B FF E5 68 
00 FF FF 00 02 10 22 93 00 00 02 00 00 02 14 C0 0C 00 00 0D F7 FF E5 6A 
00 FF FF 00 02 10 22 93 00 00 02 00 00 02 14 C1 0C 00 00 09 CD FF E5 67 
00 FF FF 00 02 10 22 93 00 00 02 00 00 02 14 C2 0C 00 00 0E 2E FF E5 69 
00 FF FF 00 02 10 22 93 00 00 02 00 00 02 14 C3 0C 00 00 12 67 FF E5 67 
00 FF FF 00 02 10 22 93 00 00 02 00 00 02 14 C4 0C 00 00 17 A1 FF E5 66 
00 FF FF 00 02 10 22 93 00 00 02 00 00 02 14 C5 0C 00 00 22 53 FF E5 69 
00 FF FF 00 02 10 22 93 00 00 02 00 00 02 14 C6 0C 00 00 0A AC FF E5 69 
00 FF FF 00 02 10 22 93 00 00 02 00 00 02 14 C7 0C 00 00 0A DA FF E5 67 
00 FF FF 00 02 10 22 93 00 00 02 00 00 02 14 C8 0C 00 00 09 5A FF E5 66 
00 FF FF 00 02 10 22 93 00 00 02 00 00 02 14 C9 0C 00 00 12 32 FF E5 68 
00 FF FF 00 02 10 22 93 00 00 02 00 00 02 14 CA 0C 00 00 1B C9 FF E5 69 
00 FF FF 00 02 10 22 93 00 00 02 00 00 02 14 CC 0C 00 00 16 F7 FF E5 66 
00 FF FF 00 02 10 22 93 00 00 02 00 00 02 14 CD 0C 00 00 10 42 FF E5 69 
00 FF FF 00 02 10 22 93 00 00 02 00 00 02 14 CE 0C 00 00 26 4D FF E5 66 
00 FF FF 00 02 10 22 93 00 00 02 00 00 02 14 CF 0C 00 00 0A E0 FF E5 66 
00 FF FF 00 02 10 22 93 00 00 02 00 00 02 14 D0 0C 00 00 0E 90 FF E5 68 
00 FF FF 00 02 10 22 93 00 00 02 00 00 02 14 D1 0C 00 00 16 A2 FF E5 69 
00 FF FF 00 02 10 22 93 00 00 02 00 00 02 14 D2 0C 00 00 15 72 FF E5 68 
00 FF FF 00 02 10 22 93 00 00 02 00 00 02 14 D3 0C 00 00 0D B6 FF E5 66 
00 FF FF 00 02 10 22 93 00 00 02 00 00 02 14 D4 0C 00 00 22 7A FF E5 6B 
00 FF FF 00 02 10 22 93 00 00 02 00 00 02 14 D5 0C 00 00 08 9F FF E5 66 
00 FF FF 00 02 10 22 93 00 00 02 00 00 02 14 D6 0C 00 00 09 27 FF E5 69 
00 FF FF 00 02 10 22 93 00 00 02 00 00 02 14 D7 0C 00 00 0A AC FF E5 68 
00 FF FF 00 02 10 22 93 00 00 02 00 00 02 14 D8 0C 00 00 1B 12 FF E4 6A 
00 FF FF 00 02 10 22 93 00 00 02 00 00 02 14 D9 0C 00 00 12 41 FF E5 66 
00 FF FF 00 02 10 22 93 00 00 02 00 00 02 14 DA 0C 00 00 21 8A FF E5 64 
00 FF FF 00 02 10 22 93 00 00 02 00 00 02 14 DB 0C 00 00 22 1F FF E5 66 
00 FF FF 00 02 10 22 93 00 00 02 00 00 02 14 DC 0C 00 00 16 43 FF E5 67 
00 FF FF 00 02 10 22 93 00 00 02 00 00 02 14 DD 0C 00 00 0B 3F FF E5 68 
00 FF FF 00 02 10 22 93 00 00 02 00 00 02 14 DE 0C 00 00 0A 42 FF E5 68 
00 FF FF 00 02 10 22 93 00 00 02 00 00 02 14 DF 0C 00 00 0B 2E FF E5 64 
00 FF FF 00 02 10 22 93 00 00 02 00 00 02 14 E0 0C 00 00 15 94 FF E5 69 
00 FF FF 00 02 10 22 93 00 00 02 00 00 02 14 E2 0C 00 00 0B CB FF E5 69 
00 FF FF 00 02 10 22 93 00 00 02 00 00 02 14 E3 0C 00 00 0D FD FF E5 69 
00 FF FF 00 02 10 22 93 00 00 02 00 00 02 14 E4 0C 00 00 23 12 FF E5 69 
00 FF FF 00 02 10 22 93 00 00 02 00 00 02 14 E5 0C 00 00 22 34 FF E5 68 
00 FF FF 00 02 10 22 93 00 00 02 00 00 02 14 E6 0C 00 00 0D B6 FF E5 66 
00 FF FF 00 02 10 22 93 00 00 02 00 00 02 14 E7 0C 00 00 09 DD FF E5 66 
00 FF FF 00 02 10 22 93 00 00 02 00 00 02 14 E8 0C 00 00 09 C2 FF E5 65 
00 FF FF 00 02 10 22 93 00 00 02 00 00 02 14 E9 0C 00 00 0D D9 FF E5 64 
00 FF FF 00 02 10 22 93 00 00 02 00 00 02 14 EA 0C 00 00 0B 7F FF E5 68 
00 FF FF 00 02 10 22 93 00 00 02 00 00 02 14 EB 0C 00 00 0B 77 FF E5 67 
00 FF FF 00 02 10 22 93 00 00 02 00 00 02 14 EC 0C 00 00 16 4A FF E5 65 
00 FF FF 00 02 10 22 93 00 00 02 00 00 02 14 ED 0C 00 00 0C AD FF E5 65 
00 FF FF 00 02 10 22 93 00 00 02 00 00 02 14 EE 0C 00 00 1F F5 FF E5 67 
00 FF FF 00 02 10 22 93 00 00 02 00 00 02 14 EF 0C 00 00 0E 26 FF E5 67 
00 FF FF 00 02 10 22 93 00 00 02 00 00 02 14 F0 0C 00 00 09 D0 FF E5 69 
00 FF FF 00 02 10 22 93 00 00 02 00 00 02 14 F1 0C 00 00 0D F3 FF E5 66 
00 FF FF 00 02 10 22 93 00 00 02 00 00 02 14 F2 0C 00 00 0B 04 FF E5 65 
00 FF FF 00 02 10 22 93 00 00 02 00 00 02 14 F3 0C 00 00 22 FA FF E5 67 
00 FF FF 00 02 10 22 93 00 00 02 00 00 02 14 F4 0C 00 00 15 26 FF E5 66 
00 FF FF 00 02 10 22 93 00 00 02 00 00 02 14 F5 0C 00 00 2A 86 FF E5 63 
00 FF FF 00 02 10 22 93 00 00 02 00 00 02 14 F6 0C 00 00 37 91 FF E5 67 
00 FF FF 00 02 10 22 93 00 00 02 00 00 02 14 F7 0C 00 00 15 45 FF E5 67 
00 FF FF 00 02 10 22 93 00 00 02 00 00 02 14 F8 0C 00 00 16 BB FF E5 69 
00 FF FF 00 02 10 22 93 00 00 02 00 00 02 14 F9 0C 00 00 0F A6 FF E5 67 
00 FF FF 00 02 10 22 93 00 00 02 00 00 02 14 FA 0C 00 00 0B EF FF E5 68 
00 FF FF 00 02 10 22 93 00 00 02 00 00 02 14 FB 0C 00 00 0C 9A FF E5 66 
00 FF FF 00 02 10 22 93 00 00 02 00 00 02 14 FC 0C 00 00 2E D3 FF E5 6A 
00 FF FF 00 02 10 22 93 00 00 02 00 00 02 14 FD 0C 00 00 0A 75 FF E5 68 
00 FF FF 00 02 10 22 93 00 00 02 00 00 02 14 FF 0C 00 00 2A CE FF E5 67 
00 FF FF 00 02 10 22 93 00 00 02 00 00 02 15 00 0C 00 00 08 CF FF E5 69 
00 FF FF 00 02 10 22 93 00 00 02 00 00 02 15 01 0C 00 00 0B 9B FF E5 68 
00 FF FF 00 02 10 22 93 00 00 02 00 00 02 15 02 0C 00 00 15 53 FF E5 69 
00 FF FF 00 02 10 22 93 00 00 02 00 00 02 15 03 0C 00 00 0B BD FF E5 64 
00 FF FF 00 02 10 22 93 00 00 02 00 00 02 15 04 0C 00 00 21 B4 FF E5 68 
00 FF FF 00 02 10 22 93 00 00 02 00 00 02 15 05 0C 00 00 13 F8 FF E5 66 
00 FF FF 00 02 10 22 93 00 00 02 00 00 02 15 06 0C 00 00 14 11 FF E5 67 
00 FF FF 00 02 10 22 93 00 00 02 00 00 02 15 07 0C 00 00 12 1E FF E5 65 
00 FF FF 00 02 10 22 93 00 00 02 00 00 02 15 08 0C 00 00 0C 77 FF E5 66 
00 FF FF 00 02 10 22 93 00 00 02 00 00 02 15 09 0C 00 00 0D 96 FF E5 69 
00 FF FF 00 02 10 22 93 00 00 02 00 00 02 15 0A 0C 00 00 0F 2D FF E5 69 
00 FF FF 00 02 10 22 93 00 00 02 00 00 02 15 0B 0C 00 00 0E 46 FF E5 66 
00 FF FF 00 02 10 22 93 00 00 02 00 00 02 15 0C 0C 00 00 12 11 FF E5 69 
00 FF FF 00 02 10 22 93 00 00 02 00 00 02 15 0D 0C 00 00 16 01 FF E5 68 
00 FF FF 00 02 10 22 93 00 00 02 00 00 02 15 0E 0C 00 00 10 D9 FF E5 68 
00 FF FF 00 02 10 22 93 00 00 02 00 00 02 15 0F 0C 00 00 0E BC FF E5 6A 
00 FF FF 00 02 10 22 93 00 00 02 00 00 02 15 10 0C 00 00 0F 48 FF E5 6A 
00 FF FF 00 02 10 22 93 00 00 02 00 00 02 15 11 0C 00 00 0C 9B FF E5 68 
00 FF FF 00 02 10 22 93 00 00 02 00 00 02 15 12 0C 00 00 0D 37 FF E5 67 
00 FF FF 00 02 10 22 93 00 00 02 00 00 02 15 13 0C 00 00 0B D1 FF E5 6A 
00 FF FF 00 02 10 22 93 00 00 02 00 00 02 15 14 0C 00 00 09 F4 FF E5 67 
00 FF FF 00 02 10 22 93 00 00 02 00 00 02 15 15 0C 00 00 09 9A FF E5 66 
00 FF FF 00 02 10 22 93 00 00 02 00 00 02 15 16 0C 00 00 1A ED FF E5 69 
00 FF FF 00 02 10 22 93 00 00 02 00 00 02 15 17 0C 00 00 10 A5 FF E6 64 
00 FF FF 00 02 10 22 93 00 00 02 00 00 02 15 18 0C 00 00 11 38 FF E5 68 
00 FF FF 00 02 10 22 93 00 00 02 00 00 02 15 19 0C 00 00 0F 9E FF E7 67 
00 FF FF 00 02 10 22 93 00 00 02 00 00 02 15 1A 0C 00 00 0D B8 FF E4 67 
00 FF FF 00 02 10 22 93 00 00 02 00 00 02 15 1B 0C 00 00 0A 0A FF E8 68 
00 FF FF 00 02 10 22 93 00 00 02 00 00 02 15 1C 0C 00 00 14 F1 FF E9 67 
00 FF FF 00 02 10 22 93 00 00 02 00 00 02 15 1D 0C 00 00 0C 52 FF E6 6A 
00 FF FF 00 02 10 22 93 00 00 02 00 00 02 15 1E 0C 00 00 14 44 FF E1 69 
00 FF FF 00 02 10 22 93 00 00 02 00 00 02 15 1F 0C 00 00 12 57 FF E7 69 
00 FF FF 00 02 10 22 93 00 00 02 00 00 02 15 20 0C 00 00 27 14 FF E3 65 
00 FF FF 00 02 10 22 93 00 00 02 00 00 02 15 21 0C 00 00 12 D7 FF E7 66 
00 FF FF 00 02 10 22 93 00 00 02 00 00 02 15 22 0C 00 00 16 DA FF E6 68 
00 FF FF 00 02 10 22 93 00 00 02 00 00 02 15 23 0C 00 00 24 44 FF E3 69 
00 FF FF 00 02 10 22 93 00 00 02 00 00 02 15 24 0C 00 00 0A 56 FF E3 66 
00 FF FF 00 02 10 22 93 00 00 02 00 00 02 15 25 0C 00 00 08 52 FF E4 6A 
00 FF FF 00 02 10 22 93 00 00 02 00 00 02 15 26 0C 00 00 0A E8 FF E5 67 
00 FF FF 00 02 10 22 93 00 00 02 00 00 02 15 27 0C 00 00 0C A5 FF E3 67 
00 FF FF 00 02 10 22 93 00 00 02 00 00 02 15 28 0C 00 00 20 45 FF E2 66 
00 FF FF 00 02 10 22 93 00 00 02 00 00 02 15 29 0C 00 00 17 1B FF E3 69 
00 FF FF 00 02 10 22 93 00 00 02 00 00 02 15 2A 0C 00 00 25 D9 FF E7 6A 
00 FF FF 00 02 10 22 93 00 00 02 00 00 02 15 2B 0C 00 00 21 E5 FF E6 69 
00 FF FF 00 02 10 22 93 00 00 02 00 00 02 15 2C 0C 00 00 0E AA FF E1 67 
00 FF FF 00 02 10 22 93 00 00 02 00 00 02 15 2D 0C 00 00 15 C2 FF E5 6A 
00 FF FF 00 02 10 22 93 00 00 02 00 00 02 15 2E 0C 00 00 11 5D FF E7 69 
00 FF FF 00 02 10 22 93 00 00 02 00 00 02 15 2F 0C 00 00 10 2C FF E3 63 
00 FF FF 00 02 10 22 93 00 00 02 00 00 02 15 30 0C 00 00 12 61 FF E1 68 
00 FF FF 00 02 10 22 93 00 00 02 00 00 02 15 32 0C 00 00 1F AA FF E5 68 
00 FF FF 00 02 10 22 93 00 00 02 00 00 02 15 33 0C 00 00 15 03 FF E5 69 
00 FF FF 00 02 10 22 93 00 00 02 00 00 02 15 35 0C 00 00 11 94 FF E2 67 
00 FF FF 00 02 10 22 93 00 00 02 00 00 02 15 36 0C 00 00 18 AE FF E3 68 
00 FF FF 00 02 10 22 93 00 00 02 00 00 02 15 37 0C 00 00 15 4A FF E7 66 
00 FF FF 00 02 10 22 93 00 00 02 00 00 02 15 38 0C 00 00 36 B5 FF E5 66 
00 FF FF 00 02 10 22 93 00 00 02 00 00 02 15 39 0C 00 00 0F FF FF E4 68 
00 FF FF 00 02 10 22 93 00 00 02 00 00 02 15 3A 0C 00 00 1E AA FF E5 68 
00 FF FF 00 02 10 22 93 00 00 02 00 00 02 15 3B 0C 00 00 1D 46 FF E5 66 
00 FF FF 00 02 10 22 93 00 00 02 00 00 02 15 3C 0C 00 00 1D 2A FF E5 66 
00 FF FF 00 02 10 22 93 00 00 02 00 00 02 15 3D 0C 00 00 38 71 FF E5 67 
00 FF FF 00 02 10 22 93 00 00 02 00 00 02 15 3E 0C 00 00 1D EA FF E5 63 
00 FF FF 00 02 10 22 93 00 00 02 00 00 02 15 3F 0C 00 00 29 E9 FF E5 67 
00 FF FF 00 02 10 22 93 00 00 02 00 00 02 15 40 0C 00 00 1F 0B FF E5 65 
00 FF FF 00 02 10 22 93 00 00 02 00 00 02 15 41 0C 00 00 27 C1 FF E5 67 
00 FF FF 00 02 10 22 93 00 00 02 00 00 02 15 42 0C 00 00 1A 36 FF E5 68 
00 FF FF 00 02 10 22 93 00 00 02 00 00 02 15 43 0C 00 00 1E 7B FF E5 66 
00 FF FF 00 02 10 22 93 00 00 02 00 00 02 15 44 0C 00 00 30 65 FF E5 66 
00 FF FF 00 02 10 22 93 00 00 02 00 00 02 15 45 0C 00 00 1B 12 FF E5 68 
00 FF FF 00 02 10 22 93 00 00 02 00 00 02 15 46 0C 00 00 15 37 FF E5 66 
00 FF FF 00 02 10 22 93 00 00 02 00 00 02 15 47 0C 00 00 29 E9 FF E5 66 
00 FF FF 00 02 10 22 93 00 00 02 00 00 02 15 48 0C 00 00 20 5D FF E5 66 
00 FF FF 00 02 10 22 93 00 00 02 00 00 02 15 49 0C 00 00 13 7A FF E5 66 
00 FF FF 00 02 10 22 93 00 00 02 00 00 02 15 4A 0C 00 00 1F 85 FF E5 68 
00 FF FF 00 02 10 22 93 00 00 02 00 00 02 15 4B 0C 00 00 1B 92 FF E5 66 
00 FF FF 00 02 10 22 93 00 00 02 00 00 02 15 4C 0C 00 00 1D 7E FF E4 66 
00 FF FF 00 02 10 22 93 00 00 02 00 00 02 15 4D 0C 00 00 17 B2 FF E3 69 
00 FF FF 00 02 10 22 93 00 00 02 00 00 02 15 4E 0C 00 00 21 25 FF E5 67 
00 FF FF 00 02 10 22 93 00 00 02 00 00 02 15 4F 0C 00 00 34 39 FF E5 65 
00 FF FF 00 02 10 22 93 00 00 02 00 00 02 15 50 0C 00 00 2A 7D FF E4 68 
00 FF FF 00 02 10 22 93 00 00 02 00 00 02 15 51 0C 00 00 23 82 FF E5 69 
00 FF FF 00 02 10 22 93 00 00 02 00 00 02 15 52 0C 00 00 1B 86 FF E5 67 
00 FF FF 00 02 10 22 93 00 00 02 00 00 02 15 53 0C 00 00 16 9A FF E4 67 
00 FF FF 00 02 10 22 93 00 00 02 00 00 02 15 54 0C 00 00 09 94 FF E6 68 
00 FF FF 00 02 10 22 93 00 00 02 00 00 02 15 55 0C 00 00 31 21 FF E4 69 
00 FF FF 00 02 10 22 93 00 00 02 00 00 02 15 56 0C 00 00 18 09 FF E6 69 
00 FF FF 00 02 10 22 93 00 00 02 00 00 02 15 57 0C 00 00 1F B6 FF E2 68 
00 FF FF 00 02 10 22 93 00 00 02 00 00 02 15 58 0C 00 00 1D 54 FF E1 67 
00 FF FF 00 02 10 22 93 00 00 02 00 00 02 15 59 0C 00 00 1B 86 FF E0 65 
00 FF FF 00 02 10 22 93 00 00 02 00 00 02 15 5A 0C 00 00 1E 06 FF EB 68 
