00 FF FF 00 02 10 22 93 00 00 02 00 00 02 01 88 0C 00 00 01 59 FF DD 60 
00 FF FF 00 02 10 22 93 00 00 02 00 00 02 01 8C 0C 00 00 08 28 FF E0 68 
00 FF FF 00 02 10 22 93 00 00 02 00 00 02 01 94 0C 00 00 07 32 FF DE 67 
00 FF FF 00 02 10 22 93 00 00 02 00 00 02 01 99 0C 00 00 06 2A FF DB 63 
00 FF FF 00 02 10 22 93 00 00 02 00 00 02 01 9C 0C 00 00 04 F8 FF DD 65 
00 FF FF 00 02 10 22 93 00 00 02 00 00 02 01 9D 0C 00 00 04 E8 FF E0 6A 
00 FF FF 00 02 10 22 93 00 00 02 00 00 02 01 A1 0C 00 00 02 05 FF DE 65 
00 FF FF 00 02 10 22 93 00 00 02 00 00 02 01 A2 0C 00 00 04 94 FF E0 67 
00 FF FF 00 02 10 22 93 00 00 02 00 00 02 01 A5 0C 00 00 02 FD FF E3 6A 
00 FF FF 00 02 10 22 93 00 00 02 00 00 02 01 AB 0C 00 00 07 0F FF E1 68 
00 FF FF 00 02 10 22 93 00 00 02 00 00 02 01 AF 0C 00 00 04 C4 FF DA 5B 
00 FF FF 00 02 10 22 93 00 00 02 00 00 02 01 B0 0C 00 00 04 22 FF DF 66 
00 FF FF 00 02 10 22 93 00 00 02 00 00 02 01 B6 0C 00 00 08 EB FF DE 6A 
00 FF FF 00 02 10 22 93 00 00 02 00 00 02 01 B7 0C 00 00 04 8D FF DF 68 
00 FF FF 00 02 10 22 93 00 00 02 00 00 02 01 BA 0C 00 00 05 49 FF DE 67 
00 FF FF 00 02 10 22 93 00 00 02 00 00 02 01 BD 0C 00 00 07 82 FF E1 68 
00 FF FF 00 02 10 22 93 00 00 02 00 00 02 01 BE 0C 00 00 03 E8 FF DF 66 
00 FF FF 00 02 10 22 93 00 00 02 00 00 02 01 C1 0C 00 00 06 F4 FF DF 69 
00 FF FF 00 02 10 22 93 00 00 02 00 00 02 01 C3 0C 00 00 08 65 FF DF 69 
00 FF FF 00 02 10 22 93 00 00 02 00 00 02 01 CB 0C 00 00 03 B6 FF E0 66 
00 FF FF 00 02 10 22 93 00 00 02 00 00 02 01 CD 0C 00 00 06 67 FF E1 65 
00 FF FF 00 02 10 22 93 00 00 02 00 00 02 01 CF 0C 00 00 03 C6 FF DE 67 
00 FF FF 00 02 10 22 93 00 00 02 00 00 02 01 D0 0C 00 00 04 F6 FF DA 5A 
00 FF FF 00 02 10 22 93 00 00 02 00 00 02 01 E8 0C 00 00 0F 7C FF DF 67 
00 FF FF 00 02 10 22 93 00 00 02 00 00 02 01 E9 0C 00 00 03 59 FF E0 66 
00 FF FF 00 02 10 22 93 00 00 02 00 00 02 01 EB 0C 00 00 07 16 FF E7 6A 
00 FF FF 00 02 10 22 93 00 00 02 00 00 02 01 EC 0C 00 00 09 23 FF E6 68 
00 FF FF 00 02 10 22 93 00 00 02 00 00 02 01 EF 0C 00 00 03 B1 FF E7 6B 
00 FF FF 00 02 10 22 93 00 00 02 00 00 02 01 F2 0C 00 00 04 32 FF E7 69 
00 FF FF 00 02 10 22 93 00 00 02 00 00 02 01 F9 0C 00 00 04 7C FF E7 69 
00 FF FF 00 02 10 22 93 00 00 02 00 00 02 01 FA 0C 00 00 09 99 FF E7 69 
00 FF FF 00 02 10 22 93 00 00 02 00 00 02 01 FE 0C 00 00 04 E8 FF E7 66 
00 FF FF 00 02 10 22 93 00 00 02 00 00 02 02 02 0C 00 00 03 18 FF E7 67 
00 FF FF 00 02 10 22 93 00 00 02 00 00 02 02 04 0C 00 00 04 63 FF E7 68 
00 FF FF 00 02 10 22 93 00 00 02 00 00 02 02 05 0C 00 00 05 82 FF E7 6A 
00 FF FF 00 02 10 22 93 00 00 02 00 00 02 02 06 0C 00 00 04 A7 FF E7 6A 
00 FF FF 00 02 10 22 93 00 00 02 00 00 02 02 07 0C 00 00 08 25 FF E6 69 
00 FF FF 00 02 10 22 93 00 00 02 00 00 02 02 0A 0C 00 00 06 F0 FF E7 69 
00 FF FF 00 02 10 22 93 00 00 02 00 00 02 02 0D 0C 00 00 03 DE FF E7 67 
00 FF FF 00 02 10 22 93 00 00 02 00 00 02 02 10 0C 00 00 06 71 FF E7 68 
00 FF FF 00 02 10 22 93 00 00 02 00 00 02 02 11 0C 00 00 03 19 FF E7 68 
00 FF FF 00 02 10 22 93 00 00 02 00 00 02 02 12 0C 00 00 05 BB FF E7 67 
00 FF FF 00 02 10 22 93 00 00 02 00 00 02 02 13 0C 00 00 04 65 FF E7 65 
00 FF FF 00 02 10 22 93 00 00 02 00 00 02 02 15 0C 00 00 04 17 FF E7 67 
00 FF FF 00 02 10 22 93 00 00 02 00 00 02 02 16 0C 00 00 07 B8 FF E7 69 
00 FF FF 00 02 10 22 93 00 00 02 00 00 02 02 1D 0C 00 00 06 31 FF E7 6A 
00 FF FF 00 02 10 22 93 00 00 02 00 00 02 02 20 0C 00 00 07 F0 FF E7 68 
00 FF FF 00 02 10 22 93 00 00 02 00 00 02 02 21 0C 00 00 05 CD FF E7 69 
00 FF FF 00 02 10 22 93 00 00 02 00 00 02 02 24 0C 00 00 04 86 FF E7 68 
00 FF FF 00 02 10 22 93 00 00 02 00 00 02 02 26 0C 00 00 02 E9 FF E7 69 
00 FF FF 00 02 10 22 93 00 00 02 00 00 02 02 28 0C 00 00 06 90 FF E7 69 
00 FF FF 00 02 10 22 93 00 00 02 00 00 02 02 29 0C 00 00 03 64 FF E7 68 
00 FF FF 00 02 10 22 93 00 00 02 00 00 02 02 30 0C 00 00 07 36 FF E7 68 
00 FF FF 00 02 10 22 93 00 00 02 00 00 02 02 33 0C 00 00 05 E4 FF E7 69 
00 FF FF 00 02 10 22 93 00 00 02 00 00 02 02 36 0C 00 00 05 D9 FF E7 67 
00 FF FF 00 02 10 22 93 00 00 02 00 00 02 02 37 0C 00 00 02 D7 FF E7 69 
00 FF FF 00 02 10 22 93 00 00 02 00 00 02 02 38 0C 00 00 05 0F FF E7 6A 
00 FF FF 00 02 10 22 93 00 00 02 00 00 02 02 39 0C 00 00 05 38 FF E7 69 
00 FF FF 00 02 10 22 93 00 00 02 00 00 02 02 3A 0C 00 00 03 BA FF E7 68 
00 FF FF 00 02 10 22 93 00 00 02 00 00 02 02 3F 0C 00 00 06 20 FF E7 6A 
00 FF FF 00 02 10 22 93 00 00 02 00 00 02 02 43 0C 00 00 04 B3 FF E7 67 
00 FF FF 00 02 10 22 93 00 00 02 00 00 02 02 44 0C 00 00 05 B1 FF E7 69 
00 FF FF 00 02 10 22 93 00 00 02 00 00 02 02 46 0C 00 00 05 1E FF E7 69 
00 FF FF 00 02 10 22 93 00 00 02 00 00 02 02 4C 0C 00 00 06 2D FF E7 67 
00 FF FF 00 02 10 22 93 00 00 02 00 00 02 02 51 0C 00 00 07 5D FF E7 69 
00 FF FF 00 02 10 22 93 00 00 02 00 00 02 02 55 0C 00 00 03 7B FF E7 69 
00 FF FF 00 02 10 22 93 00 00 02 00 00 02 02 57 0C 00 00 03 30 FF E7 68 
00 FF FF 00 02 10 22 93 00 00 02 00 00 02 02 59 0C 00 00 08 0B FF E7 67 
00 FF FF 00 02 10 22 93 00 00 02 00 00 02 02 5A 0C 00 00 04 C4 FF E7 67 
00 FF FF 00 02 10 22 93 00 00 02 00 00 02 02 5E 0C 00 00 04 63 FF E7 68 
00 FF FF 00 02 10 22 93 00 00 02 00 00 02 02 5F 0C 00 00 07 CA FF E7 65 
00 FF FF 00 02 10 22 93 00 00 02 00 00 02 02 61 0C 00 00 05 6F FF E7 69 
00 FF FF 00 02 10 22 93 00 00 02 00 00 02 02 66 0C 00 00 05 98 FF E7 69 
00 FF FF 00 02 10 22 93 00 00 02 00 00 02 02 68 0C 00 00 04 ED FF E7 68 
00 FF FF 00 02 10 22 93 00 00 02 00 00 02 02 6C 0C 00 00 05 CF FF E7 69 
00 FF FF 00 02 10 22 93 00 00 02 00 00 02 02 6D 0C 00 00 05 45 FF E7 67 
00 FF FF 00 02 10 22 93 00 00 02 00 00 02 02 75 0C 00 00 07 E8 FF E7 6A 
00 FF FF 00 02 10 22 93 00 00 02 00 00 02 02 76 0C 00 00 05 3D FF E7 6A 
00 FF FF 00 02 10 22 93 00 00 02 00 00 02 02 78 0C 00 00 04 E7 FF E7 66 
00 FF FF 00 02 10 22 93 00 00 02 00 00 02 02 7C 0C 00 00 04 87 FF E7 69 
00 FF FF 00 02 10 22 93 00 00 02 00 00 02 02 83 0C 00 00 06 20 FF E7 68 
00 FF FF 00 02 10 22 93 00 00 02 00 00 02 02 85 0C 00 00 04 9F FF E7 6A 
00 FF FF 00 02 10 22 93 00 00 02 00 00 02 02 89 0C 00 00 05 0F FF E7 68 
00 FF FF 00 02 10 22 93 00 00 02 00 00 02 02 8A 0C 00 00 05 64 FF E7 69 
00 FF FF 00 02 10 22 93 00 00 02 00 00 02 02 8C 0C 00 00 04 D9 FF E7 6B 
00 FF FF 00 02 10 22 93 00 00 02 00 00 02 02 8D 0C 00 00 02 C5 FF E7 69 
00 FF FF 00 02 10 22 93 00 00 02 00 00 02 02 8E 0C 00 00 01 89 FF E7 69 
00 FF FF 00 02 10 22 93 00 00 02 00 00 02 02 91 0C 00 00 01 C7 FF E7 67 
00 FF FF 00 02 10 22 93 00 00 02 00 00 02 02 93 0C 00 00 01 99 FF E7 68 
00 FF FF 00 02 10 22 93 00 00 02 00 00 02 02 96 0C 00 00 01 8D FF E7 6A 
00 FF FF 00 02 10 22 93 00 00 02 00 00 02 02 9E 0C 00 00 03 EB FF E7 67 
00 FF FF 00 02 10 22 93 00 00 02 00 00 02 02 A2 0C 00 00 05 7F FF E7 65 
00 FF FF 00 02 10 22 93 00 00 02 00 00 02 02 A4 0C 00 00 05 95 FF E7 69 
00 FF FF 00 02 10 22 93 00 00 02 00 00 02 02 AD 0C 00 00 04 9C FF E7 67 
00 FF FF 00 02 10 22 93 00 00 02 00 00 02 02 AE 0C 00 00 04 81 FF E7 69 
00 FF FF 00 02 10 22 93 00 00 02 00 00 02 02 AF 0C 00 00 02 E6 FF E7 68 
00 FF FF 00 02 10 22 93 00 00 02 00 00 02 02 B2 0C 00 00 03 0C FF E7 69 
00 FF FF 00 02 10 22 93 00 00 02 00 00 02 02 B7 0C 00 00 07 C5 FF E7 69 
00 FF FF 00 02 10 22 93 00 00 02 00 00 02 02 B8 0C 00 00 03 FE FF E7 69 
00 FF FF 00 02 10 22 93 00 00 02 00 00 02 02 B9 0C 00 00 04 81 FF E7 67 
00 FF FF 00 02 10 22 93 00 00 02 00 00 02 02 BB 0C 00 00 05 9F FF E7 6A 
00 FF FF 00 02 10 22 93 00 00 02 00 00 02 02 BD 0C 00 00 04 A7 FF E7 6B 
00 FF FF 00 02 10 22 93 00 00 02 00 00 02 02 C0 0C 00 00 08 56 FF E7 6A 
00 FF FF 00 02 10 22 93 00 00 02 00 00 02 02 C4 0C 00 00 03 82 FF E7 6A 
00 FF FF 00 02 10 22 93 00 00 02 00 00 02 02 C5 0C 00 00 03 51 FF E7 63 
00 FF FF 00 02 10 22 93 00 00 02 00 00 02 02 C6 0C 00 00 04 CB FF E7 69 
00 FF FF 00 02 10 22 93 00 00 02 00 00 02 02 C7 0C 00 00 05 5D FF E7 66 
00 FF FF 00 02 10 22 93 00 00 02 00 00 02 02 C8 0C 00 00 06 2F FF E7 6A 
00 FF FF 00 02 10 22 93 00 00 02 00 00 02 02 CF 0C 00 00 06 83 FF E7 6B 
00 FF FF 00 02 10 22 93 00 00 02 00 00 02 02 D0 0C 00 00 04 41 FF E7 68 
00 FF FF 00 02 10 22 93 00 00 02 00 00 02 02 D1 0C 00 00 03 B0 FF E7 6A 
00 FF FF 00 02 10 22 93 00 00 02 00 00 02 02 DB 0C 00 00 06 A0 FF E7 67 
00 FF FF 00 02 10 22 93 00 00 02 00 00 02 02 E2 0C 00 00 04 DA FF E7 68 
00 FF FF 00 02 10 22 93 00 00 02 00 00 02 02 E5 0C 00 00 03 63 FF E7 69 
00 FF FF 00 02 10 22 93 00 00 02 00 00 02 02 E6 0C 00 00 05 D7 FF E7 68 
00 FF FF 00 02 10 22 93 00 00 02 00 00 02 02 EA 0C 00 00 03 6E FF E7 68 
00 FF FF 00 02 10 22 93 00 00 02 00 00 02 02 ED 0C 00 00 04 D0 FF E7 6A 
00 FF FF 00 02 10 22 93 00 00 02 00 00 02 02 FD 0C 00 00 08 59 FF E7 65 
00 FF FF 00 02 10 22 93 00 00 02 00 00 02 02 FE 0C 00 00 03 60 FF E7 69 
00 FF FF 00 02 10 22 93 00 00 02 00 00 02 03 07 0C 00 00 05 D8 FF E7 69 
00 FF FF 00 02 10 22 93 00 00 02 00 00 02 03 14 0C 00 00 03 80 FF E7 6A 
00 FF FF 00 02 10 22 93 00 00 02 00 00 02 03 1B 0C 00 00 05 15 FF E7 67 
00 FF FF 00 02 10 22 93 00 00 02 00 00 02 03 24 0C 00 00 06 23 FF E7 68 
00 FF FF 00 02 10 22 93 00 00 02 00 00 02 03 25 0C 00 00 05 0F FF E7 69 
00 FF FF 00 02 10 22 93 00 00 02 00 00 02 03 2E 0C 00 00 03 FD FF E7 67 
00 FF FF 00 02 10 22 93 00 00 02 00 00 02 03 31 0C 00 00 05 91 FF E7 6A 
00 FF FF 00 02 10 22 93 00 00 02 00 00 02 03 32 0C 00 00 03 15 FF E6 68 
00 FF FF 00 02 10 22 93 00 00 02 00 00 02 03 33 0C 00 00 06 E3 FF E7 6A 
00 FF FF 00 02 10 22 93 00 00 02 00 00 02 03 37 0C 00 00 12 0E FF E7 69 
00 FF FF 00 02 10 22 93 00 00 02 00 00 02 03 3C 0C 00 00 03 5A FF E7 66 
00 FF FF 00 02 10 22 93 00 00 02 00 00 02 03 41 0C 00 00 0E ED FF E7 69 
00 FF FF 00 02 10 22 93 00 00 02 00 00 02 03 43 0C 00 00 08 66 FF E7 69 
00 FF FF 00 02 10 22 93 00 00 02 00 00 02 03 4C 0C 00 00 06 8F FF E7 6A 
00 FF FF 00 02 10 22 93 00 00 02 00 00 02 03 4D 0C 00 00 05 D8 FF E7 6A 
00 FF FF 00 02 10 22 93 00 00 02 00 00 02 03 52 0C 00 00 03 A2 FF E7 69 
00 FF FF 00 02 10 22 93 00 00 02 00 00 02 03 56 0C 00 00 04 59 FF E7 6A 
00 FF FF 00 02 10 22 93 00 00 02 00 00 02 03 57 0C 00 00 05 F8 FF E7 68 
00 FF FF 00 02 10 22 93 00 00 02 00 00 02 03 5A 0C 00 00 03 55 FF E7 6A 
00 FF FF 00 02 10 22 93 00 00 02 00 00 02 03 5B 0C 00 00 03 46 FF E7 69 
00 FF FF 00 02 10 22 93 00 00 02 00 00 02 03 60 0C 00 00 04 9F FF E7 66 
00 FF FF 00 02 10 22 93 00 00 02 00 00 02 03 64 0C 00 00 04 58 FF E7 65 
00 FF FF 00 02 10 22 93 00 00 02 00 00 02 03 6B 0C 00 00 06 53 FF E7 66 
00 FF FF 00 02 10 22 93 00 00 02 00 00 02 03 6D 0C 00 00 03 9F FF E7 68 
00 FF FF 00 02 10 22 93 00 00 02 00 00 02 03 6E 0C 00 00 07 F2 FF E7 66 
00 FF FF 00 02 10 22 93 00 00 02 00 00 02 03 71 0C 00 00 05 51 FF E7 66 
00 FF FF 00 02 10 22 93 00 00 02 00 00 02 03 73 0C 00 00 05 D7 FF E7 6A 
00 FF FF 00 02 10 22 93 00 00 02 00 00 02 03 77 0C 00 00 03 CA FF E7 67 
00 FF FF 00 02 10 22 93 00 00 02 00 00 02 03 82 0C 00 00 05 4F FF E7 6A 
00 FF FF 00 02 10 22 93 00 00 02 00 00 02 03 85 0C 00 00 07 02 FF E7 6A 
00 FF FF 00 02 10 22 93 00 00 02 00 00 02 03 86 0C 00 00 03 F8 FF E7 68 
00 FF FF 00 02 10 22 93 00 00 02 00 00 02 03 88 0C 00 00 07 DE FF E7 69 
00 FF FF 00 02 10 22 93 00 00 02 00 00 02 03 8C 0C 00 00 06 46 FF E7 6A 
00 FF FF 00 02 10 22 93 00 00 02 00 00 02 03 8F 0C 00 00 07 8B FF E7 66 
00 FF FF 00 02 10 22 93 00 00 02 00 00 02 03 96 0C 00 00 03 AF FF E7 6A 
00 FF FF 00 02 10 22 93 00 00 02 00 00 02 03 98 0C 00 00 04 2F FF E7 64 
00 FF FF 00 02 10 22 93 00 00 02 00 00 02 03 9A 0C 00 00 05 A0 FF E7 68 
00 FF FF 00 02 10 22 93 00 00 02 00 00 02 03 9B 0C 00 00 01 3C FF E7 69 
00 FF FF 00 02 10 22 93 00 00 02 00 00 02 03 9F 0C 00 00 02 26 FF E7 68 
00 FF FF 00 02 10 22 93 00 00 02 00 00 02 03 A1 0C 00 00 01 ED FF E7 68 
00 FF FF 00 02 10 22 93 00 00 02 00 00 02 03 AB 0C 00 00 06 24 FF E7 6A 
00 FF FF 00 02 10 22 93 00 00 02 00 00 02 03 AC 0C 00 00 04 D4 FF E7 69 
00 FF FF 00 02 10 22 93 00 00 02 00 00 02 03 AD 0C 00 00 06 48 FF E7 68 
00 FF FF 00 02 10 22 93 00 00 02 00 00 02 03 AE 0C 00 00 07 DC FF E7 6A 
00 FF FF 00 02 10 22 93 00 00 02 00 00 02 03 AF 0C 00 00 04 B3 FF E7 64 
00 FF FF 00 02 10 22 93 00 00 02 00 00 02 03 BB 0C 00 00 04 CC FF E7 64 
00 FF FF 00 02 10 22 93 00 00 02 00 00 02 03 BC 0C 00 00 03 EA FF E7 68 
00 FF FF 00 02 10 22 93 00 00 02 00 00 02 03 C0 0C 00 00 08 E4 FF E7 6B 
00 FF FF 00 02 10 22 93 00 00 02 00 00 02 03 C2 0C 00 00 03 05 FF E7 67 
00 FF FF 00 02 10 22 93 00 00 02 00 00 02 03 C5 0C 00 00 05 30 FF E7 6A 
00 FF FF 00 02 10 22 93 00 00 02 00 00 02 03 C8 0C 00 00 05 40 FF E7 68 
00 FF FF 00 02 10 22 93 00 00 02 00 00 02 03 D1 0C 00 00 03 FE FF E7 69 
00 FF FF 00 02 10 22 93 00 00 02 00 00 02 03 D6 0C 00 00 05 F2 FF E7 69 
00 FF FF 00 02 10 22 93 00 00 02 00 00 02 03 DA 0C 00 00 05 07 FF E7 65 
00 FF FF 00 02 10 22 93 00 00 02 00 00 02 03 DB 0C 00 00 07 99 FF E7 6A 
00 FF FF 00 02 10 22 93 00 00 02 00 00 02 03 DD 0C 00 00 05 39 FF E7 69 
00 FF FF 00 02 10 22 93 00 00 02 00 00 02 03 DE 0C 00 00 03 C2 FF E7 69 
00 FF FF 00 02 10 22 93 00 00 02 00 00 02 03 DF 0C 00 00 03 C6 FF E7 67 
00 FF FF 00 02 10 22 93 00 00 02 00 00 02 03 E5 0C 00 00 04 D1 FF E7 68 
00 FF FF 00 02 10 22 93 00 00 02 00 00 02 03 EA 0C 00 00 06 01 FF E7 69 
00 FF FF 00 02 10 22 93 00 00 02 00 00 02 03 EB 0C 00 00 0B AC FF E7 66 
00 FF FF 00 02 10 22 93 00 00 02 00 00 02 03 EC 0C 00 00 03 08 FF E7 69 
00 FF FF 00 02 10 22 93 00 00 02 00 00 02 03 F5 0C 00 00 04 9F FF E7 67 
00 FF FF 00 02 10 22 93 00 00 02 00 00 02 03 F7 0C 00 00 07 39 FF E7 68 
00 FF FF 00 02 10 22 93 00 00 02 00 00 02 03 F8 0C 00 00 05 66 FF E7 66 
00 FF FF 00 02 10 22 93 00 00 02 00 00 02 03 F9 0C 00 00 03 BF FF E7 6A 
00 FF FF 00 02 10 22 93 00 00 02 00 00 02 03 FA 0C 00 00 05 7C FF E7 66 
00 FF FF 00 02 10 22 93 00 00 02 00 00 02 03 FB 0C 00 00 04 4E FF E7 6A 
00 FF FF 00 02 10 22 93 00 00 02 00 00 02 03 FC 0C 00 00 04 9B FF E7 67 
00 FF FF 00 02 10 22 93 00 00 02 00 00 02 03 FE 0C 00 00 05 D2 FF E7 6A 
00 FF FF 00 02 10 22 93 00 00 02 00 00 02 04 09 0C 00 00 04 43 FF E7 69 
00 FF FF 00 02 10 22 93 00 00 02 00 00 02 04 0B 0C 00 00 08 9F FF E7 69 
00 FF FF 00 02 10 22 93 00 00 02 00 00 02 04 0D 0C 00 00 03 BA FF E7 69 
00 FF FF 00 02 10 22 93 00 00 02 00 00 02 04 13 0C 00 00 04 34 FF E7 6B 
00 FF FF 00 02 10 22 93 00 00 02 00 00 02 04 14 0C 00 00 05 D3 FF E7 67 
00 FF FF 00 02 10 22 93 00 00 02 00 00 02 04 15 0C 00 00 07 33 FF E5 69 
00 FF FF 00 02 10 22 93 00 00 02 00 00 02 04 19 0C 00 00 07 6C FF E6 69 
00 FF FF 00 02 10 22 93 00 00 02 00 00 02 04 1E 0C 00 00 04 3C FF E7 66 
00 FF FF 00 02 10 22 93 00 00 02 00 00 02 04 20 0C 00 00 04 83 FF E7 69 
00 FF FF 00 02 10 22 93 00 00 02 00 00 02 04 22 0C 00 00 04 26 FF E7 66 
00 FF FF 00 02 10 22 93 00 00 02 00 00 02 04 24 0C 00 00 05 63 FF E7 6A 
00 FF FF 00 02 10 22 93 00 00 02 00 00 02 04 26 0C 00 00 04 1A FF E7 6A 
00 FF FF 00 02 10 22 93 00 00 02 00 00 02 04 28 0C 00 00 08 33 FF E7 6A 
00 FF FF 00 02 10 22 93 00 00 02 00 00 02 04 2A 0C 00 00 09 E2 FF E7 67 
00 FF FF 00 02 10 22 93 00 00 02 00 00 02 04 2B 0C 00 00 03 07 FF E7 6A 
00 FF FF 00 02 10 22 93 00 00 02 00 00 02 04 36 0C 00 00 05 53 FF E7 68 
00 FF FF 00 02 10 22 93 00 00 02 00 00 02 04 3A 0C 00 00 04 6A FF E7 6B 
00 FF FF 00 02 10 22 93 00 00 02 00 00 02 04 45 0C 00 00 07 2E FF E7 6A 
00 FF FF 00 02 10 22 93 00 00 02 00 00 02 04 50 0C 00 00 04 09 FF E7 66 
00 FF FF 00 02 10 22 93 00 00 02 00 00 02 04 54 0C 00 00 0A B4 FF E7 66 
00 FF FF 00 02 10 22 93 00 00 02 00 00 02 04 56 0C 00 00 08 06 FF E7 69 
00 FF FF 00 02 10 22 93 00 00 02 00 00 02 04 57 0C 00 00 04 C1 FF E7 69 
00 FF FF 00 02 10 22 93 00 00 02 00 00 02 04 59 0C 00 00 05 C4 FF E7 69 
00 FF FF 00 02 10 22 93 00 00 02 00 00 02 04 5C 0C 00 00 04 E9 FF E7 67 
00 FF FF 00 02 10 22 93 00 00 02 00 00 02 04 5F 0C 00 00 07 C2 FF E7 6A 
00 FF FF 00 02 10 22 93 00 00 02 00 00 02 04 60 0C 00 00 05 4B FF E7 6A 
00 FF FF 00 02 10 22 93 00 00 02 00 00 02 04 63 0C 00 00 03 E0 FF E7 67 
00 FF FF 00 02 10 22 93 00 00 02 00 00 02 04 64 0C 00 00 05 A2 FF E7 6A 
00 FF FF 00 02 10 22 93 00 00 02 00 00 02 04 65 0C 00 00 04 5A FF E7 69 
00 FF FF 00 02 10 22 93 00 00 02 00 00 02 04 67 0C 00 00 04 F5 FF E7 68 
00 FF FF 00 02 10 22 93 00 00 02 00 00 02 04 6D 0C 00 00 03 AE FF E7 69 
00 FF FF 00 02 10 22 93 00 00 02 00 00 02 04 74 0C 00 00 03 CB FF E7 6A 
00 FF FF 00 02 10 22 93 00 00 02 00 00 02 04 78 0C 00 00 05 8D FF E7 6A 
00 FF FF 00 02 10 22 93 00 00 02 00 00 02 04 7F 0C 00 00 03 31 FF E7 68 
00 FF FF 00 02 10 22 93 00 00 02 00 00 02 04 81 0C 00 00 03 16 FF E7 6A 
00 FF FF 00 02 10 22 93 00 00 02 00 00 02 04 84 0C 00 00 03 A0 FF E7 67 
00 FF FF 00 02 10 22 93 00 00 02 00 00 02 04 89 0C 00 00 05 88 FF E7 65 
00 FF FF 00 02 10 22 93 00 00 02 00 00 02 04 8C 0C 00 00 03 17 FF E7 68 
00 FF FF 00 02 10 22 93 00 00 02 00 00 02 04 8D 0C 00 00 05 92 FF E7 67 
00 FF FF 00 02 10 22 93 00 00 02 00 00 02 04 8F 0C 00 00 05 D8 FF E7 69 
00 FF FF 00 02 10 22 93 00 00 02 00 00 02 04 95 0C 00 00 05 3E FF E7 67 
00 FF FF 00 02 10 22 93 00 00 02 00 00 02 04 98 0C 00 00 04 59 FF E7 67 
00 FF FF 00 02 10 22 93 00 00 02 00 00 02 04 9A 0C 00 00 03 10 FF E7 6A 
00 FF FF 00 02 10 22 93 00 00 02 00 00 02 04 9C 0C 00 00 03 D5 FF E7 67 
00 FF FF 00 02 10 22 93 00 00 02 00 00 02 04 9D 0C 00 00 03 B5 FF E6 66 
00 FF FF 00 02 10 22 93 00 00 02 00 00 02 04 A0 0C 00 00 04 57 FF E7 6A 
00 FF FF 00 02 10 22 93 00 00 02 00 00 02 04 A3 0C 00 00 03 BC FF E7 6A 
00 FF FF 00 02 10 22 93 00 00 02 00 00 02 04 AD 0C 00 00 01 5B FF E7 6A 
00 FF FF 00 02 10 22 93 00 00 02 00 00 02 04 AE 0C 00 00 02 50 FF E7 69 
00 FF FF 00 02 10 22 93 00 00 02 00 00 02 04 AF 0C 00 00 01 F2 FF E7 6A 
00 FF FF 00 02 10 22 93 00 00 02 00 00 02 04 B2 0C 00 00 00 DB FF E7 68 
00 FF FF 00 02 10 22 93 00 00 02 00 00 02 04 B4 0C 00 00 03 27 FF E7 69 
00 FF FF 00 02 10 22 93 00 00 02 00 00 02 04 B5 0C 00 00 06 F7 FF E7 69 
00 FF FF 00 02 10 22 93 00 00 02 00 00 02 04 C0 0C 00 00 03 60 FF E7 68 
00 FF FF 00 02 10 22 93 00 00 02 00 00 02 04 C6 0C 00 00 03 EB FF E7 69 
00 FF FF 00 02 10 22 93 00 00 02 00 00 02 04 C8 0C 00 00 06 FB FF E7 66 
00 FF FF 00 02 10 22 93 00 00 02 00 00 02 04 CB 0C 00 00 09 05 FF E7 6A 
00 FF FF 00 02 10 22 93 00 00 02 00 00 02 04 CE 0C 00 00 04 8A FF E6 6A 
00 FF FF 00 02 10 22 93 00 00 02 00 00 02 04 CF 0C 00 00 04 2B FF E7 69 
00 FF FF 00 02 10 22 93 00 00 02 00 00 02 04 D3 0C 00 00 04 EF FF E7 67 
00 FF FF 00 02 10 22 93 00 00 02 00 00 02 04 D6 0C 00 00 04 98 FF E7 67 
00 FF FF 00 02 10 22 93 00 00 02 00 00 02 04 D7 0C 00 00 02 B8 FF E7 68 
00 FF FF 00 02 10 22 93 00 00 02 00 00 02 04 D9 0C 00 00 04 1C FF E7 69 
00 FF FF 00 02 10 22 93 00 00 02 00 00 02 04 DB 0C 00 00 04 DE FF E7 68 
00 FF FF 00 02 10 22 93 00 00 02 00 00 02 04 DD 0C 00 00 05 E3 FF E7 66 
00 FF FF 00 02 10 22 93 00 00 02 00 00 02 04 E1 0C 00 00 08 77 FF E7 69 
00 FF FF 00 02 10 22 93 00 00 02 00 00 02 04 E6 0C 00 00 05 3B FF E7 66 
00 FF FF 00 02 10 22 93 00 00 02 00 00 02 04 E9 0C 00 00 05 83 FF E7 69 
00 FF FF 00 02 10 22 93 00 00 02 00 00 02 04 EB 0C 00 00 03 E6 FF E7 68 
00 FF FF 00 02 10 22 93 00 00 02 00 00 02 04 ED 0C 00 00 04 39 FF E7 69 
00 FF FF 00 02 10 22 93 00 00 02 00 00 02 04 EE 0C 00 00 03 F2 FF E6 6B 
00 FF FF 00 02 10 22 93 00 00 02 00 00 02 04 EF 0C 00 00 04 E9 FF E7 68 
00 FF FF 00 02 10 22 93 00 00 02 00 00 02 04 F2 0C 00 00 06 61 FF E7 66 
00 FF FF 00 02 10 22 93 00 00 02 00 00 02 04 F3 0C 00 00 03 F7 FF E7 68 
00 FF FF 00 02 10 22 93 00 00 02 00 00 02 04 F9 0C 00 00 06 68 FF E7 63 
00 FF FF 00 02 10 22 93 00 00 02 00 00 02 04 FA 0C 00 00 04 8D FF E7 69 
00 FF FF 00 02 10 22 93 00 00 02 00 00 02 04 FB 0C 00 00 04 17 FF E7 68 
00 FF FF 00 02 10 22 93 00 00 02 00 00 02 04 FC 0C 00 00 05 FF FF E7 66 
00 FF FF 00 02 10 22 93 00 00 02 00 00 02 04 FF 0C 00 00 03 4C FF E7 68 
00 FF FF 00 02 10 22 93 00 00 02 00 00 02 05 00 0C 00 00 05 9D FF E7 66 
00 FF FF 00 02 10 22 93 00 00 02 00 00 02 05 01 0C 00 00 04 EA FF E7 68 
00 FF FF 00 02 10 22 93 00 00 02 00 00 02 05 05 0C 00 00 04 39 FF E7 69 
00 FF FF 00 02 10 22 93 00 00 02 00 00 02 05 0E 0C 00 00 0A D7 FF E7 6A 
00 FF FF 00 02 10 22 93 00 00 02 00 00 02 05 0F 0C 00 00 06 8A FF E7 67 
00 FF FF 00 02 10 22 93 00 00 02 00 00 02 05 11 0C 00 00 06 09 FF E7 6A 
00 FF FF 00 02 10 22 93 00 00 02 00 00 02 05 17 0C 00 00 0A FA FF E7 68 
00 FF FF 00 02 10 22 93 00 00 02 00 00 02 05 21 0C 00 00 06 8E FF E7 69 
00 FF FF 00 02 10 22 93 00 00 02 00 00 02 05 26 0C 00 00 05 05 FF E7 68 
00 FF FF 00 02 10 22 93 00 00 02 00 00 02 05 28 0C 00 00 05 F1 FF E7 69 
00 FF FF 00 02 10 22 93 00 00 02 00 00 02 05 2A 0C 00 00 05 1E FF E7 69 
00 FF FF 00 02 10 22 93 00 00 02 00 00 02 05 2C 0C 00 00 04 0F FF E7 67 
00 FF FF 00 02 10 22 93 00 00 02 00 00 02 05 32 0C 00 00 05 C3 FF E7 68 
00 FF FF 00 02 10 22 93 00 00 02 00 00 02 05 34 0C 00 00 04 F8 FF E7 6A 
00 FF FF 00 02 10 22 93 00 00 02 00 00 02 05 37 0C 00 00 03 D4 FF E7 67 
00 FF FF 00 02 10 22 93 00 00 02 00 00 02 05 39 0C 00 00 05 0C FF E7 6A 
00 FF FF 00 02 10 22 93 00 00 02 00 00 02 05 41 0C 00 00 03 B7 FF E7 6A 
00 FF FF 00 02 10 22 93 00 00 02 00 00 02 05 49 0C 00 00 05 2B FF E7 6A 
00 FF FF 00 02 10 22 93 00 00 02 00 00 02 05 4B 0C 00 00 05 E0 FF E7 67 
00 FF FF 00 02 10 22 93 00 00 02 00 00 02 05 4C 0C 00 00 04 F4 FF E7 68 
00 FF FF 00 02 10 22 93 00 00 02 00 00 02 05 4F 0C 00 00 02 FB FF E7 6A 
00 FF FF 00 02 10 22 93 00 00 02 00 00 02 05 50 0C 00 00 04 05 FF E7 67 
00 FF FF 00 02 10 22 93 00 00 02 00 00 02 05 54 0C 00 00 04 9D FF E7 6A 
00 FF FF 00 02 10 22 93 00 00 02 00 00 02 05 59 0C 00 00 06 2C FF E7 67 
00 FF FF 00 02 10 22 93 00 00 02 00 00 02 05 62 0C 00 00 07 1F FF E7 6A 
00 FF FF 00 02 10 22 93 00 00 02 00 00 02 05 63 0C 00 00 0A 03 FF E7 69 
00 FF FF 00 02 10 22 93 00 00 02 00 00 02 05 66 0C 00 00 02 FE FF E7 69 
00 FF FF 00 02 10 22 93 00 00 02 00 00 02 05 67 0C 00 00 03 28 FF E7 69 
00 FF FF 00 02 10 22 93 00 00 02 00 00 02 05 6B 0C 00 00 05 9D FF E7 67 
00 FF FF 00 02 10 22 93 00 00 02 00 00 02 05 6D 0C 00 00 06 37 FF E6 69 
00 FF FF 00 02 10 22 93 00 00 02 00 00 02 05 6F 0C 00 00 05 82 FF E7 69 
00 FF FF 00 02 10 22 93 00 00 02 00 00 02 05 74 0C 00 00 06 A6 FF E7 69 
00 FF FF 00 02 10 22 93 00 00 02 00 00 02 05 7A 0C 00 00 05 60 FF E7 68 
00 FF FF 00 02 10 22 93 00 00 02 00 00 02 05 7C 0C 00 00 04 9E FF E7 69 
00 FF FF 00 02 10 22 93 00 00 02 00 00 02 05 85 0C 00 00 05 96 FF E7 68 
00 FF FF 00 02 10 22 93 00 00 02 00 00 02 05 88 0C 00 00 04 2B FF E7 69 
00 FF FF 00 02 10 22 93 00 00 02 00 00 02 05 8C 0C 00 00 05 67 FF E7 6A 
00 FF FF 00 02 10 22 93 00 00 02 00 00 02 05 8D 0C 00 00 05 24 FF E7 64 
00 FF FF 00 02 10 22 93 00 00 02 00 00 02 05 8E 0C 00 00 05 82 FF E7 66 
00 FF FF 00 02 10 22 93 00 00 02 00 00 02 05 8F 0C 00 00 07 29 FF E7 67 
00 FF FF 00 02 10 22 93 00 00 02 00 00 02 05 90 0C 00 00 0C 37 FF E7 6A 
00 FF FF 00 02 10 22 93 00 00 02 00 00 02 05 92 0C 00 00 05 F8 FF E7 69 
00 FF FF 00 02 10 22 93 00 00 02 00 00 02 05 93 0C 00 00 06 42 FF E7 67 
00 FF FF 00 02 10 22 93 00 00 02 00 00 02 05 94 0C 00 00 03 FB FF E7 6A 
00 FF FF 00 02 10 22 93 00 00 02 00 00 02 05 9A 0C 00 00 05 E6 FF E7 69 
00 FF FF 00 02 10 22 93 00 00 02 00 00 02 05 9D 0C 00 00 03 99 FF E7 69 
00 FF FF 00 02 10 22 93 00 00 02 00 00 02 05 9E 0C 00 00 04 55 FF E7 67 
00 FF FF 00 02 10 22 93 00 00 02 00 00 02 05 A6 0C 00 00 05 A7 FF E7 6A 
00 FF FF 00 02 10 22 93 00 00 02 00 00 02 05 AA 0C 00 00 05 57 FF E7 66 
00 FF FF 00 02 10 22 93 00 00 02 00 00 02 05 AC 0C 00 00 05 2E FF E7 69 
00 FF FF 00 02 10 22 93 00 00 02 00 00 02 05 AF 0C 00 00 05 11 FF E7 66 
00 FF FF 00 02 10 22 93 00 00 02 00 00 02 05 B2 0C 00 00 05 29 FF E7 69 
00 FF FF 00 02 10 22 93 00 00 02 00 00 02 05 B3 0C 00 00 04 AE FF E7 67 
00 FF FF 00 02 10 22 93 00 00 02 00 00 02 05 B6 0C 00 00 02 8B FF E7 69 
00 FF FF 00 02 10 22 93 00 00 02 00 00 02 05 B7 0C 00 00 01 FD FF E7 67 
00 FF FF 00 02 10 22 93 00 00 02 00 00 02 05 BB 0C 00 00 01 64 FF E7 6A 
00 FF FF 00 02 10 22 93 00 00 02 00 00 02 05 BC 0C 00 00 01 7A FF E7 68 
00 FF FF 00 02 10 22 93 00 00 02 00 00 02 05 BD 0C 00 00 02 EE FF E7 66 
00 FF FF 00 02 10 22 93 00 00 02 00 00 02 05 BF 0C 00 00 02 78 FF E7 65 
00 FF FF 00 02 10 22 93 00 00 02 00 00 02 05 C0 0C 00 00 01 D6 FF E7 63 
00 FF FF 00 02 10 22 93 00 00 02 00 00 02 05 C6 0C 00 00 07 E0 FF E7 68 
00 FF FF 00 02 10 22 93 00 00 02 00 00 02 05 C7 0C 00 00 04 25 FF E7 6A 
00 FF FF 00 02 10 22 93 00 00 02 00 00 02 05 D1 0C 00 00 04 8F FF E7 6B 
00 FF FF 00 02 10 22 93 00 00 02 00 00 02 05 D9 0C 00 00 02 7A FF E7 68 
00 FF FF 00 02 10 22 93 00 00 02 00 00 02 05 E8 0C 00 00 0B BD FF E7 67 
00 FF FF 00 02 10 22 93 00 00 02 00 00 02 05 F2 0C 00 00 04 FB FF E7 69 
00 FF FF 00 02 10 22 93 00 00 02 00 00 02 05 F5 0C 00 00 05 09 FF E7 69 
00 FF FF 00 02 10 22 93 00 00 02 00 00 02 05 F6 0C 00 00 05 41 FF E7 6A 
00 FF FF 00 02 10 22 93 00 00 02 00 00 02 05 FF 0C 00 00 04 D5 FF E7 66 
00 FF FF 00 02 10 22 93 00 00 02 00 00 02 06 01 0C 00 00 03 6D FF E7 67 
00 FF FF 00 02 10 22 93 00 00 02 00 00 02 06 02 0C 00 00 03 FA FF E7 6A 
00 FF FF 00 02 10 22 93 00 00 02 00 00 02 06 0D 0C 00 00 05 01 FF E7 66 
00 FF FF 00 02 10 22 93 00 00 02 00 00 02 06 10 0C 00 00 04 A0 FF E7 67 
00 FF FF 00 02 10 22 93 00 00 02 00 00 02 06 13 0C 00 00 08 EB FF E7 69 
00 FF FF 00 02 10 22 93 00 00 02 00 00 02 06 19 0C 00 00 03 84 FF E7 67 
00 FF FF 00 02 10 22 93 00 00 02 00 00 02 06 1B 0C 00 00 04 9D FF E7 69 
00 FF FF 00 02 10 22 93 00 00 02 00 00 02 06 1D 0C 00 00 07 94 FF E7 69 
00 FF FF 00 02 10 22 93 00 00 02 00 00 02 06 1F 0C 00 00 04 FF FF E7 6A 
00 FF FF 00 02 10 22 93 00 00 02 00 00 02 06 24 0C 00 00 03 4D FF E7 64 
00 FF FF 00 02 10 22 93 00 00 02 00 00 02 06 30 0C 00 00 04 D7 FF E7 67 
00 FF FF 00 02 10 22 93 00 00 02 00 00 02 06 33 0C 00 00 04 22 FF E7 69 
00 FF FF 00 02 10 22 93 00 00 02 00 00 02 06 34 0C 00 00 03 A9 FF E7 68 
00 FF FF 00 02 10 22 93 00 00 02 00 00 02 06 35 0C 00 00 03 5F FF E7 67 
00 FF FF 00 02 10 22 93 00 00 02 00 00 02 06 38 0C 00 00 04 FA FF E7 6A 
00 FF FF 00 02 10 22 93 00 00 02 00 00 02 06 3D 0C 00 00 04 A7 FF E7 68 
00 FF FF 00 02 10 22 93 00 00 02 00 00 02 06 3E 0C 00 00 04 05 FF E7 66 
00 FF FF 00 02 10 22 93 00 00 02 00 00 02 06 3F 0C 00 00 04 6A FF E7 68 
00 FF FF 00 02 10 22 93 00 00 02 00 00 02 06 42 0C 00 00 05 BA FF E7 67 
00 FF FF 00 02 10 22 93 00 00 02 00 00 02 06 48 0C 00 00 04 43 FF E7 68 
00 FF FF 00 02 10 22 93 00 00 02 00 00 02 06 50 0C 00 00 04 DD FF E7 67 
00 FF FF 00 02 10 22 93 00 00 02 00 00 02 06 53 0C 00 00 04 7F FF E7 69 
00 FF FF 00 02 10 22 93 00 00 02 00 00 02 06 55 0C 00 00 05 F6 FF E7 68 
00 FF FF 00 02 10 22 93 00 00 02 00 00 02 06 57 0C 00 00 06 5B FF E7 69 
00 FF FF 00 02 10 22 93 00 00 02 00 00 02 06 5A 0C 00 00 04 99 FF E7 65 
00 FF FF 00 02 10 22 93 00 00 02 00 00 02 06 5B 0C 00 00 03 30 FF E7 6A 
00 FF FF 00 02 10 22 93 00 00 02 00 00 02 06 5C 0C 00 00 03 EF FF E7 68 
00 FF FF 00 02 10 22 93 00 00 02 00 00 02 06 5E 0C 00 00 08 E8 FF E7 63 
00 FF FF 00 02 10 22 93 00 00 02 00 00 02 06 5F 0C 00 00 0A E8 FF E7 6B 
00 FF FF 00 02 10 22 93 00 00 02 00 00 02 06 60 0C 00 00 15 D5 FF E7 66 
00 FF FF 00 02 10 22 93 00 00 02 00 00 02 06 62 0C 00 00 0F 46 FF E6 6A 
00 FF FF 00 02 10 22 93 00 00 02 00 00 02 06 63 0C 00 00 23 31 FF E7 68 
00 FF FF 00 02 10 22 93 00 00 02 00 00 02 06 64 0C 00 00 11 91 FF E7 66 
00 FF FF 00 02 10 22 93 00 00 02 00 00 02 06 65 0C 00 00 17 4F FF E7 6A 
00 FF FF 00 02 10 22 93 00 00 02 00 00 02 06 66 0C 00 00 0C 5B FF E7 67 
00 FF FF 00 02 10 22 93 00 00 02 00 00 02 06 67 0C 00 00 16 5E FF E7 6A 
00 FF FF 00 02 10 22 93 00 00 02 00 00 02 06 68 0C 00 00 13 41 FF E7 68 
00 FF FF 00 02 10 22 93 00 00 02 00 00 02 06 69 0C 00 00 10 7B FF E7 66 
00 FF FF 00 02 10 22 93 00 00 02 00 00 02 06 6A 0C 00 00 11 24 FF E7 6A 
00 FF FF 00 02 10 22 93 00 00 02 00 00 02 06 6B 0C 00 00 0E E9 FF E7 6A 
00 FF FF 00 02 10 22 93 00 00 02 00 00 02 06 6C 0C 00 00 0C A8 FF E7 68 
00 FF FF 00 02 10 22 93 00 00 02 00 00 02 06 6D 0C 00 00 22 21 FF E7 69 
00 FF FF 00 02 10 22 93 00 00 02 00 00 02 06 6E 0C 00 00 0C 84 FF E7 67 
00 FF FF 00 02 10 22 93 00 00 02 00 00 02 06 6F 0C 00 00 10 04 FF E7 67 
00 FF FF 00 02 10 22 93 00 00 02 00 00 02 06 70 0C 00 00 1E CE FF E7 68 
00 FF FF 00 02 10 22 93 00 00 02 00 00 02 06 71 0C 00 00 13 94 FF E7 67 
00 FF FF 00 02 10 22 93 00 00 02 00 00 02 06 72 0C 00 00 14 13 FF E7 69 
00 FF FF 00 02 10 22 93 00 00 02 00 00 02 06 73 0C 00 00 13 F4 FF E7 68 
00 FF FF 00 02 10 22 93 00 00 02 00 00 02 06 74 0C 00 00 15 0E FF E7 6A 
00 FF FF 00 02 10 22 93 00 00 02 00 00 02 06 75 0C 00 00 12 B6 FF E7 69 
00 FF FF 00 02 10 22 93 00 00 02 00 00 02 06 76 0C 00 00 0D F1 FF E7 69 
00 FF FF 00 02 10 22 93 00 00 02 00 00 02 06 77 0C 00 00 0E D3 FF E7 6A 
00 FF FF 00 02 10 22 93 00 00 02 00 00 02 06 78 0C 00 00 0D AA FF E7 67 
00 FF FF 00 02 10 22 93 00 00 02 00 00 02 06 79 0C 00 00 14 DF FF E7 69 
00 FF FF 00 02 10 22 93 00 00 02 00 00 02 06 7A 0C 00 00 11 0A FF E7 67 
00 FF FF 00 02 10 22 93 00 00 02 00 00 02 06 7B 0C 00 00 11 CA FF E7 67 
00 FF FF 00 02 10 22 93 00 00 02 00 00 02 06 7C 0C 00 00 11 31 FF E7 68 
00 FF FF 00 02 10 22 93 00 00 02 00 00 02 06 7D 0C 00 00 16 8A FF E7 69 
00 FF FF 00 02 10 22 93 00 00 02 00 00 02 06 7E 0C 00 00 15 11 FF E7 6A 
00 FF FF 00 02 10 22 93 00 00 02 00 00 02 06 7F 0C 00 00 14 69 FF E7 69 
00 FF FF 00 02 10 22 93 00 00 02 00 00 02 06 80 0C 00 00 0E 42 FF E7 6A 
00 FF FF 00 02 10 22 93 00 00 02 00 00 02 06 81 0C 00 00 0E 82 FF E7 6A 
00 FF FF 00 02 10 22 93 00 00 02 00 00 02 06 82 0C 00 00 0F A2 FF E7 69 
00 FF FF 00 02 10 22 93 00 00 02 00 00 02 06 83 0C 00 00 1C AC FF E7 6A 
00 FF FF 00 02 10 22 93 00 00 02 00 00 02 06 84 0C 00 00 14 47 FF E7 66 
00 FF FF 00 02 10 22 93 00 00 02 00 00 02 06 85 0C 00 00 0D E4 FF E7 68 
00 FF FF 00 02 10 22 93 00 00 02 00 00 02 06 86 0C 00 00 22 8D FF E7 6A 
00 FF FF 00 02 10 22 93 00 00 02 00 00 02 06 87 0C 00 00 16 17 FF E7 67 
00 FF FF 00 02 10 22 93 00 00 02 00 00 02 06 88 0C 00 00 17 EB FF E7 68 
00 FF FF 00 02 10 22 93 00 00 02 00 00 02 06 89 0C 00 00 0F 16 FF E7 67 
00 FF FF 00 02 10 22 93 00 00 02 00 00 02 06 8A 0C 00 00 11 BF FF E7 67 
00 FF FF 00 02 10 22 93 00 00 02 00 00 02 06 8B 0C 00 00 0F B2 FF E7 67 
00 FF FF 00 02 10 22 93 00 00 02 00 00 02 06 8C 0C 00 00 10 E0 FF E7 66 
00 FF FF 00 02 10 22 93 00 00 02 00 00 02 06 8D 0C 00 00 1B 12 FF E7 6A 
00 FF FF 00 02 10 22 93 00 00 02 00 00 02 06 8E 0C 00 00 10 C7 FF E7 67 
00 FF FF 00 02 10 22 93 00 00 02 00 00 02 06 8F 0C 00 00 10 97 FF E7 6A 
00 FF FF 00 02 10 22 93 00 00 02 00 00 02 06 90 0C 00 00 0C 5E FF E7 64 
00 FF FF 00 02 10 22 93 00 00 02 00 00 02 06 92 0C 00 00 0F AE FF E7 69 
00 FF FF 00 02 10 22 93 00 00 02 00 00 02 06 93 0C 00 00 12 7A FF E7 6A 
00 FF FF 00 02 10 22 93 00 00 02 00 00 02 06 95 0C 00 00 0D 19 FF E7 67 
00 FF FF 00 02 10 22 93 00 00 02 00 00 02 06 96 0C 00 00 15 DA FF E7 6A 
00 FF FF 00 02 10 22 93 00 00 02 00 00 02 06 97 0C 00 00 10 5B FF E7 67 
00 FF FF 00 02 10 22 93 00 00 02 00 00 02 06 98 0C 00 00 11 10 FF E7 67 
00 FF FF 00 02 10 22 93 00 00 02 00 00 02 06 99 0C 00 00 15 3C FF E7 67 
00 FF FF 00 02 10 22 93 00 00 02 00 00 02 06 9A 0C 00 00 0B 68 FF E7 69 
00 FF FF 00 02 10 22 93 00 00 02 00 00 02 06 9B 0C 00 00 12 6F FF E7 69 
00 FF FF 00 02 10 22 93 00 00 02 00 00 02 06 9C 0C 00 00 16 B3 FF E7 6B 
00 FF FF 00 02 10 22 93 00 00 02 00 00 02 06 9D 0C 00 00 09 83 FF E7 69 
00 FF FF 00 02 10 22 93 00 00 02 00 00 02 06 9E 0C 00 00 0C 8D FF E7 66 
00 FF FF 00 02 10 22 93 00 00 02 00 00 02 06 9F 0C 00 00 16 BA FF E7 68 
00 FF FF 00 02 10 22 93 00 00 02 00 00 02 06 A0 0C 00 00 12 21 FF E7 69 
00 FF FF 00 02 10 22 93 00 00 02 00 00 02 06 A1 0C 00 00 0C 79 FF E7 69 
00 FF FF 00 02 10 22 93 00 00 02 00 00 02 06 A2 0C 00 00 1D ED FF E7 68 
00 FF FF 00 02 10 22 93 00 00 02 00 00 02 06 A3 0C 00 00 0D E6 FF E7 69 
00 FF FF 00 02 10 22 93 00 00 02 00 00 02 06 A4 0C 00 00 14 5B FF E7 67 
00 FF FF 00 02 10 22 93 00 00 02 00 00 02 06 A5 0C 00 00 14 B6 FF E7 68 
00 FF FF 00 02 10 22 93 00 00 02 00 00 02 06 A6 0C 00 00 20 65 FF E7 65 
00 FF FF 00 02 10 22 93 00 00 02 00 00 02 06 A7 0C 00 00 12 91 FF E7 67 
00 FF FF 00 02 10 22 93 00 00 02 00 00 02 06 A8 0C 00 00 08 E5 FF E7 67 
00 FF FF 00 02 10 22 93 00 00 02 00 00 02 06 A9 0C 00 00 12 1E FF E7 68 
00 FF FF 00 02 10 22 93 00 00 02 00 00 02 06 AA 0C 00 00 0B 6E FF E7 69 
00 FF FF 00 02 10 22 93 00 00 02 00 00 02 06 AB 0C 00 00 1D 7E FF E7 6A 
00 FF FF 00 02 10 22 93 00 00 02 00 00 02 06 AC 0C 00 00 17 C1 FF E7 69 
00 FF FF 00 02 10 22 93 00 00 02 00 00 02 06 AD 0C 00 00 11 0E FF E7 6A 
00 FF FF 00 02 10 22 93 00 00 02 00 00 02 06 AE 0C 00 00 0A 82 FF E7 66 
00 FF FF 00 02 10 22 93 00 00 02 00 00 02 06 AF 0C 00 00 16 7F FF E7 67 
00 FF FF 00 02 10 22 93 00 00 02 00 00 02 06 B0 0C 00 00 15 29 FF E7 69 
00 FF FF 00 02 10 22 93 00 00 02 00 00 02 06 B1 0C 00 00 18 6B FF E7 6A 
00 FF FF 00 02 10 22 93 00 00 02 00 00 02 06 B2 0C 00 00 0B 00 FF E7 68 
00 FF FF 00 02 10 22 93 00 00 02 00 00 02 06 B3 0C 00 00 0F 6F FF E7 69 
00 FF FF 00 02 10 22 93 00 00 02 00 00 02 06 B4 0C 00 00 0A C1 FF E7 6A 
00 FF FF 00 02 10 22 93 00 00 02 00 00 02 06 B5 0C 00 00 0E E6 FF E7 68 
00 FF FF 00 02 10 22 93 00 00 02 00 00 02 06 B6 0C 00 00 10 3E FF E7 68 
00 FF FF 00 02 10 22 93 00 00 02 00 00 02 06 B7 0C 00 00 19 0A FF E7 69 
00 FF FF 00 02 10 22 93 00 00 02 00 00 02 06 B9 0C 00 00 15 D2 FF E7 69 
00 FF FF 00 02 10 22 93 00 00 02 00 00 02 06 BA 0C 00 00 0D AE FF E7 69 
00 FF FF 00 02 10 22 93 00 00 02 00 00 02 06 BB 0C 00 00 11 70 FF E7 69 
00 FF FF 00 02 10 22 93 00 00 02 00 00 02 06 BC 0C 00 00 2A 1E FF E7 69 
00 FF FF 00 02 10 22 93 00 00 02 00 00 02 06 BD 0C 00 00 0F 14 FF E7 6A 
00 FF FF 00 02 10 22 93 00 00 02 00 00 02 06 BE 0C 00 00 11 FA FF E7 68 
00 FF FF 00 02 10 22 93 00 00 02 00 00 02 06 BF 0C 00 00 0D F7 FF E7 67 
00 FF FF 00 02 10 22 93 00 00 02 00 00 02 06 C0 0C 00 00 0E 86 FF E7 6A 
00 FF FF 00 02 10 22 93 00 00 02 00 00 02 06 C1 0C 00 00 0F 90 FF E7 67 
00 FF FF 00 02 10 22 93 00 00 02 00 00 02 06 C2 0C 00 00 11 E2 FF E7 68 
00 FF FF 00 02 10 22 93 00 00 02 00 00 02 06 C3 0C 00 00 09 1E FF E7 68 
00 FF FF 00 02 10 22 93 00 00 02 00 00 02 06 C4 0C 00 00 0D DA FF E7 67 
00 FF FF 00 02 10 22 93 00 00 02 00 00 02 06 C5 0C 00 00 10 1A FF E7 69 
00 FF FF 00 02 10 22 93 00 00 02 00 00 02 06 C6 0C 00 00 0C 1E FF E7 69 
00 FF FF 00 02 10 22 93 00 00 02 00 00 02 06 C7 0C 00 00 1B A1 FF E7 6A 
00 FF FF 00 02 10 22 93 00 00 02 00 00 02 06 C8 0C 00 00 18 10 FF E7 68 
00 FF FF 00 02 10 22 93 00 00 02 00 00 02 06 C9 0C 00 00 15 5A FF E7 69 
00 FF FF 00 02 10 22 93 00 00 02 00 00 02 06 CA 0C 00 00 10 91 FF E7 6A 
00 FF FF 00 02 10 22 93 00 00 02 00 00 02 06 CB 0C 00 00 0F BA FF E7 66 
00 FF FF 00 02 10 22 93 00 00 02 00 00 02 06 CC 0C 00 00 12 53 FF E7 6A 
00 FF FF 00 02 10 22 93 00 00 02 00 00 02 06 CD 0C 00 00 0F 48 FF E7 68 
00 FF FF 00 02 10 22 93 00 00 02 00 00 02 06 CE 0C 00 00 2B B1 FF E7 68 
00 FF FF 00 02 10 22 93 00 00 02 00 00 02 06 CF 0C 00 00 11 B2 FF E7 6A 
00 FF FF 00 02 10 22 93 00 00 02 00 00 02 06 D0 0C 00 00 12 27 FF E7 65 
00 FF FF 00 02 10 22 93 00 00 02 00 00 02 06 D1 0C 00 00 0F A3 FF E7 67 
00 FF FF 00 02 10 22 93 00 00 02 00 00 02 06 D2 0C 00 00 0D 61 FF E6 6A 
00 FF FF 00 02 10 22 93 00 00 02 00 00 02 06 D3 0C 00 00 22 C9 FF E7 68 
00 FF FF 00 02 10 22 93 00 00 02 00 00 02 06 D4 0C 00 00 0D E0 FF E7 6A 
00 FF FF 00 02 10 22 93 00 00 02 00 00 02 06 D5 0C 00 00 12 96 FF E8 65 
00 FF FF 00 02 10 22 93 00 00 02 00 00 02 06 D6 0C 00 00 1C 8E FF E8 69 
00 FF FF 00 02 10 22 93 00 00 02 00 00 02 06 D7 0C 00 00 0F 85 FF E8 68 
00 FF FF 00 02 10 22 93 00 00 02 00 00 02 06 D8 0C 00 00 0B C6 FF E5 6A 
00 FF FF 00 02 10 22 93 00 00 02 00 00 02 06 D9 0C 00 00 10 47 FF E7 68 
00 FF FF 00 02 10 22 93 00 00 02 00 00 02 06 DA 0C 00 00 0C 1F FF E8 65 
00 FF FF 00 02 10 22 93 00 00 02 00 00 02 06 DB 0C 00 00 11 26 FF E8 67 
00 FF FF 00 02 10 22 93 00 00 02 00 00 02 06 DC 0C 00 00 12 91 FF E8 67 
00 FF FF 00 02 10 22 93 00 00 02 00 00 02 06 DD 0C 00 00 15 72 FF E3 66 
00 FF FF 00 02 10 22 93 00 00 02 00 00 02 06 DE 0C 00 00 1B 27 FF E3 68 
00 FF FF 00 02 10 22 93 00 00 02 00 00 02 06 DF 0C 00 00 0C 49 FF E9 6A 
00 FF FF 00 02 10 22 93 00 00 02 00 00 02 06 E0 0C 00 00 0E BB FF E9 68 
00 FF FF 00 02 10 22 93 00 00 02 00 00 02 06 E1 0C 00 00 0F 11 FF E8 68 
00 FF FF 00 02 10 22 93 00 00 02 00 00 02 06 E2 0C 00 00 0D 69 FF E7 6A 
00 FF FF 00 02 10 22 93 00 00 02 00 00 02 06 E3 0C 00 00 0C F8 FF E3 67 
00 FF FF 00 02 10 22 93 00 00 02 00 00 02 06 E4 0C 00 00 0F 0B FF E4 69 
00 FF FF 00 02 10 22 93 00 00 02 00 00 02 06 E6 0C 00 00 18 4C FF E7 66 
00 FF FF 00 02 10 22 93 00 00 02 00 00 02 06 E7 0C 00 00 2F 9D FF E6 69 
00 FF FF 00 02 10 22 93 00 00 02 00 00 02 06 E8 0C 00 00 1C A6 FF E5 67 
00 FF FF 00 02 10 22 93 00 00 02 00 00 02 06 E9 0C 00 00 15 6B FF E6 69 
00 FF FF 00 02 10 22 93 00 00 02 00 00 02 06 EA 0C 00 00 0C E1 FF E7 6A 
00 FF FF 00 02 10 22 93 00 00 02 00 00 02 06 EC 0C 00 00 11 82 FF E8 67 
00 FF FF 00 02 10 22 93 00 00 02 00 00 02 06 ED 0C 00 00 17 1E FF E9 68 
00 FF FF 00 02 10 22 93 00 00 02 00 00 02 06 EE 0C 00 00 15 18 FF E8 68 
00 FF FF 00 02 10 22 93 00 00 02 00 00 02 06 EF 0C 00 00 0E 6E FF E8 68 
00 FF FF 00 02 10 22 93 00 00 02 00 00 02 06 F0 0C 00 00 0D FE FF E9 67 
00 FF FF 00 02 10 22 93 00 00 02 00 00 02 06 F1 0C 00 00 0C B9 FF E9 68 
00 FF FF 00 02 10 22 93 00 00 02 00 00 02 06 F2 0C 00 00 1C 14 FF E9 6A 
